4,57222556
4,57321930
4,57387466
4,60136092
4,61150922
4,94784147
4,94784155
4,96913866
4,106514746
4,106744476
4,106810012
4,108536141
4,108536269
4,108538317
4,108667341
4,124273307
4,124535451
4,126173498
4,137771461
4,137771465
4,137771469
4,137828042
4,139672172
4,139672236
4,139926124
4,139934380
4,141960221
4,141960349
4,141961677
4,156473802
4,171354780
4,175514781
4,204876229
4,204876237
4,206772844
4,292166746
4,309045702
4,310728348
4,310728364
4,310729388
4,310843052
4,310860460
4,310875820
4,310875846
4,310876870
4,311274550
4,311776924
4,311776940
4,311777964
4,311909036
4,312825500
4,312842950
4,312875717
4,312892101
4,312908485
4,312908486
4,312972998
4,316933527
4,316937623
4,316949911
4,316954007
4,316966295
4,316970391
4,317216151
4,317457815
4,317461655
4,317461911
4,317474199
4,317478295
4,325658012
4,325721178
4,328571548
4,329521223
4,330045020
4,330048860
4,330061404
4,330065244
4,344398444
4,344431212
4,345447020
4,345463468
4,346433607
4,346528460
4,350357591
4,350357847
4,350361687
4,350361943
4,350373975
4,350374231
4,350378327
4,350390359
4,350390615
4,350394711
4,350771543
4,350882135
4,350885975
4,350886231
4,350898263
4,350898519
4,350902615
4,365320595
4,374950202
4,375133100
4,377766839
4,377770935
4,377787319
4,378279991
4,378280119
4,378284229
4,381698695
4,381698727
4,381813671
4,381814839
4,381815095
4,381817767
4,381818935
4,381819191
4,381821863
4,381825959
4,381829767
4,381829799
4,381847607
4,381847863
4,381851959
4,381960839
4,381960871
4,382084041
4,382091943
4,382222983
4,382223015
4,382343223
4,382345639
4,382346149
4,382485159
4,394412435
4,394412691
4,394414227
4,405214922
4,405247690
4,406132316
4,406206869
4,406207689
4,406263498
4,407058794
4,407059562
4,407059658
4,407313514
4,407321802
4,407345766
4,407345862
4,407346282
4,407618982
4,408097708
4,408098220
4,408130988
4,409087063
4,409091159
4,409114967
4,409115735
4,409245079
4,409245127
4,409283676
4,409316444
4,409361606
4,409361607
4,409483607
4,409610327
4,409610583
4,409619033
4,409619097
4,409732315
4,409732555
4,409732571
4,409736395
4,409736411
4,409736651
4,409736667
4,413472348
4,413506252
4,413571788
4,417486279
4,417487303
4,417488071
4,417500247
4,417503575
4,417619031
4,417619095
4,417619143
4,417629639
4,417633687
4,424909258
4,439761301
4,442509383
4,442640455
4,442762647
4,442764375
4,442766743
4,442768471
4,442771527
4,442780759
4,442784855
4,442795415
4,442799511
4,442911321
4,443033671
4,443290775
4,443304023
4,443305043
4,451151255
4,451155351
4,451184023
4,451188119
4,475140743
4,475665258
4,475673450
4,475677498
4,475685690
4,506204823
4,507643959
4,507648055
4,507652151
4,507676727
4,508172343
4,508176439
4,511982263
4,512000951
4,512497719
4,512497831
4,516035239
4,516036663
4,516039079
4,516065335
4,558442860
4,558459244
4,558475612
4,558475628
4,558573002
4,558573932
4,558589386
4,558590316
4,558605676
4,558605770
4,558745146
4,559491436
4,559507820
4,559524188
4,559524204
4,559622508
4,559638892
4,560475294
4,560555466
4,560572764
4,560621001
4,560621002
4,560622025
4,560670154
4,560702922
4,564598474
4,564614858
4,568625499
4,568629595
4,568890715
4,568891739
4,569147739
4,569149787
4,569153883
4,580201622
4,594029723
4,594062491
4,594192842
4,594258378
4,596978838
4,598021834
4,600381126
4,600384966
4,600397510
4,600401350
4,605932086
4,611852749
4,611854797
4,611887565
4,611983821
4,611985869
4,612866758
4,612866766
4,613247548
4,613247550
4,625492859
4,625501051
4,625517435
4,626791340
4,630985577
4,631655059
4,631655067
4,633742281
4,633743467
4,634003819
4,634005611
4,635734363
4,635738459
4,643590714
4,645407181
4,645408925
4,645409229
4,655900986
4,655901242
4,655902778
4,665076379
4,672472150
4,672480342
4,672508502
4,672509014
4,672634540
4,673016380
4,673016892
4,673032790
4,673033270
4,674511517
4,674512029
4,674636745
4,674637513
4,674637517
4,674670281
4,674670285
4,675495078
4,675495084
4,675495086
4,675653210
4,675653212
4,675653214
4,675653246
4,675746982
4,675746990
4,675748454
4,675748458
4,675748460
4,675748462
4,675749030
4,675749038
4,675756646
4,675756650
4,675756652
4,675756654
4,675757228
4,675781222
4,675781226
4,675781228
4,675781230
4,675781798
4,675781806
4,675924326
4,675924330
4,675924334
4,676046278
4,676046282
4,676046284
4,676046286
4,676047302
4,676047306
4,676047308
4,676047310
4,676054378
4,676054382
4,676055398
4,676162614
4,676162618
4,676162620
4,676162622
4,676162646
4,676162650
4,676162652
4,676162654
4,676162686
4,676169276
4,676169278
4,676169308
4,676169310
4,676169342
4,676177468
4,676177470
4,676177498
4,676543082
4,676543660
4,676686940
4,676805804
4,676964812
4,677586374
4,677715142
4,677747910
4,677979590
4,678013388
4,678110662
4,678110666
4,678143434
4,678143436
4,678144458
4,678144460
4,678700189
4,678734173
4,678831261
4,680872358
4,680872362
4,681389148
4,681405532
4,682935901
4,684000446
4,684000958
4,684008638
4,684009150
4,684278190
4,684278702
4,684279214
4,684286894
4,684287406
4,693320298
4,693455270
4,694952283
4,700795958
4,708065949
4,708066461
4,708225692
4,712254621
4,739387485
4,740042909
4,741610141
4,741612189
4,741615965
4,741620061
4,741644957
4,741648733
4,741876125
4,741878173
4,741910941
4,743713085
4,743713117
4,743717181
4,743717213
4,743745853
4,743745885
4,744008093
4,744237213
4,745810269
4,745814365
4,746072221
4,747903127
4,748037013
4,748041109
4,748045203
4,748049299
4,755794267
4,757891419
4,759708027
4,759726971
4,759988571
4,764182875
4,767830123
4,768115291
4,773597341
4,775164573
4,775430557
4,811148636
4,816191174
4,816256710
4,827925852
4,829037658
4,847584346
4,847713990
4,848637078
4,849745606
4,887228759
4,887232855
4,887245143
4,887261527
4,887757143
4,887769431
4,915150903
4,940907606
4,943068874
4,944973212
4,945957207
4,945957975
4,946481495
4,946506835
4,949324854
4,954371159
4,979380295
4,979635287
4,979639383
4,979651671
4,979655767
4,1017391191
4,1085965149
4,1093379526
4,1094327386
4,1094341465
4,1094353861
4,1094370245
4,1097426380
4,1097491916
4,1099109286
4,1099125670
4,1099154342
4,1099154374
4,1099406442
4,1099654570
4,1099654602
4,1099678662
4,1099679142
4,1100191084
4,1101153691
4,1101157787
4,1101185947
4,1101186459
4,1101284251
4,1101288347
4,1101415067
4,1101567323
4,1101567435
4,1101645468
4,1101679051
4,1101711818
4,1101711819
4,1101824455
4,1101824471
4,1105336779
4,1105347995
4,1105349067
4,1105352091
4,1105353163
4,1105369547
4,1105381835
4,1105761627
4,1105774939
4,1105775003
4,1105775051
4,1108952730
4,1108960922
4,1108984730
4,1108985498
4,1109108076
4,1109214874
4,1109215804
4,1109223066
4,1109223996
4,1109247546
4,1109248572
4,1110975325
4,1110991709
4,1111016285
4,1111140037
4,1111140045
4,1113442972
4,1115204765
4,1115931498
4,1115931500
4,1115931502
4,1116036262
4,1116036266
4,1116036270
4,1116149446
4,1116149450
4,1116149452
4,1116149454
4,1116150950
4,1116150958
4,1116165830
4,1116165834
4,1116165836
4,1116165838
4,1116167338
4,1116182214
4,1116182218
4,1116182220
4,1116182222
4,1116183718
4,1116183726
4,1116317334
4,1116317340
4,1116317342
4,1116317374
4,1116431270
4,1116431274
4,1116431276
4,1116431278
4,1116431782
4,1116431786
4,1116431788
4,1116431790
4,1116438890
4,1116438894
4,1116439402
4,1116439406
4,1116439914
4,1116439918
4,1116455788
4,1116456298
4,1116456302
4,1116579388
4,1116579390
4,1116579478
4,1116588598
4,1116588602
4,1116588604
4,1116588606
4,1116588694
4,1116588698
4,1116588700
4,1116588702
4,1116588734
4,1116941462
4,1116955558
4,1116963692
4,1116980076
4,1117083340
4,1117375132
4,1117471596
4,1117471654
4,1117487980
4,1117504364
4,1118131916
4,1118246598
4,1118246604
4,1118262982
4,1118262988
4,1118279366
4,1118279372
4,1118422474
4,1119377053
4,1119388253
4,1119388509
4,1119389277
4,1119519325
4,1119519581
4,1120213102
4,1120213614
4,1120221806
4,1120246382
4,1120502398
4,1127881818
4,1131046348
4,1131168411
4,1133718678
4,1133860556
4,1134707355
4,1134707611
4,1134708123
4,1134711707
4,1134712219
4,1134740379
4,1134740891
4,1134969499
4,1135135131
4,1138902427
4,1138906523
4,1144673221
4,1150509932
4,1166428907
4,1166461675
4,1168251339
4,1168261787
4,1168262043
4,1168266139
4,1168284107
4,1168294811
4,1168656795
4,1168689563
4,1170364843
4,1170364875
4,1170655690
4,1172445643
4,1172457931
4,1172478411
4,1172490699
4,1172851099
4,1172851147
4,1172883867
4,1172883915
4,1175994798
4,1176126107
4,1180191149
4,1180223917
4,1180486300
4,1180551836
4,1182278093
4,1192772006
4,1198015131
4,1199719001
4,1201816219
4,1210555078
4,1210555086
4,1210803658
4,1210803662
4,1211513285
4,1211513289
4,1211513293
4,1211782085
4,1211782089
4,1211782093
4,1213413996
4,1213414060
4,1213667948
4,1213676204
4,1215702173
4,1215703501
4,1217618796
4,1217618860
4,1218143084
4,1220182621
4,1220182877
4,1228543577
4,1230195110
4,1235626325
4,1235630421
4,1235634515
4,1235638611
4,1245071961
4,1247353446
4,1247361638
4,1247365686
4,1247373878
4,1250105450
4,1250503806
4,1250520190
4,1251157414
4,1253589661
4,1253589917
4,1253594013
4,1253605981
4,1253606237
4,1253737309
4,1278618053
4,1278618061
4,1278902941
4,1280514668
4,1282550221
4,1304568171
4,1309835933
4,1310360221
4,1311933085
4,1351816614
4,1352369574
4,1367544742
4,1368593830
4,1385376918
4,1444423837
4,1451508663
4,1451512759
4,1451529143
4,1455440519
4,1455440551
4,1455555495
4,1455559591
4,1455563687
4,1455567783
4,1455571623
4,1455702695
4,1455964839
4,1480790956
4,1481054822
4,1486034374
4,1486063014
4,1543903334
4,1556222663
4,1585742775
4,1614423641
4,1614423645
4,1622836061
4,1631198298
4,1647846237
4,1647978073
4,1647978077
4,1652762062
4,1652894870
4,1656259421
4,1656260189
4,1656390493
4,1667779227
4,1671447179
4,1672006043
4,1695301995
4,1699234683
4,1699242875
4,1699259259
4,1699496299
4,1703706987
4,1705001611
4,1707639659
4,1707901803
4,1717053901
4,1748641372
4,1748665945
4,1748665949
4,1749240230
4,1749371454
4,1749371582
4,1752443229
4,1757053789
4,1782089309
4,1782220381
4,1790477149
4,1813784733
4,1815095373
4,1815619741
4,1817192525
4,1817749917
4,1829536091
4,1833468795
4,2169185708
4,2169202092
4,2170251628
4,2171224715
4,2171299276
4,2179088795
4,2179089563
4,2179089819
4,2179090587
4,2179090843
4,2179093915
4,2179094939
4,2179221915
4,2179226011
4,2179350939
4,2179352731
4,2179352987
4,2179357083
4,2182958138
4,2182966330
4,2185962954
4,2185962958
4,2185979338
4,2185979342
4,2186103356
4,2186103358
4,2186111548
4,2186111550
4,2191346746
4,2192839373
4,2192840397
4,2192841421
4,2192856781
4,2192970445
4,2192972493
4,2204722636
4,2204853708
4,2204910235
4,2208650956
4,2212643227
4,2212643995
4,2212644251
4,2212645019
4,2212645275
4,2212648347
4,2212649371
4,2212776347
4,2212780443
4,2212907419
4,2212911515
4,2242271635
4,2242271643
4,2254006842
4,2254268986
4,2271756955
4,2285255113
4,2287155884
4,2327057101
4,2327058125
4,2352363925
4,2352363933
4,2354264682
4,2378306155
4,2383554717
4,2383816861
4,2387749021
4,2422876503
4,2422877271
4,2429164742
4,2437032293
4,2437556581
4,2437564755
4,2437564838
4,2437630374
4,2439649619
4,2445953363
4,2450802323
4,2451317653
4,2451319958
4,2451326611
4,2451385494
4,2452374421
4,2452374423
4,2454341283
4,2454465637
4,2455520147
4,2456430935
4,2456431703
4,2459702165
4,2459708566
4,2487888211
4,2487888215
4,2489977175
4,2489981271
4,2489993555
4,2489993559
4,2517385639
4,2521579943
4,2529182343
4,2529182375
4,2529313447
4,2529444519
4,2529706663
4,2556569943
4,2556570711
4,2563382470
4,2584484007
4,2588677287
4,2589993031
4,2592356023
4,2592357047
4,2592872615
4,2651592871
4,2694589532
4,2694655068
4,2705474874
4,2705474875
4,2705598811
4,2705982314
4,2705982315
4,2705990506
4,2705990507
4,2705998698
4,2705998699
4,2706129723
4,2706129787
4,2706197558
4,2713850731
4,2713863483
4,2714125114
4,2714370923
4,2714377306
4,2714379114
4,2714379115
4,2719226469
4,2719304246
4,2719762998
4,2719820342
4,2727627357
4,2727684662
4,2728151606
4,2729724509
4,2739683643
4,2753382966
4,2761247286
4,2769033323
4,2777421931
4,2780833867
4,2780833899
4,2780955499
4,2780963691
4,2780964971
4,2781096043
4,2781358187
4,2819955798
4,2820020838
4,2828807260
4,2836677213
4,2840081787
4,2840082811
4,2847942731
4,2847942763
4,2848068459
4,2848073835
4,2848076651
4,2848204907
4,2848467051
4,2848596843
4,2861845085
4,2863942237
4,2889093789
4,2915051627
4,2959747411
4,2962561590
4,2973894995
4,2973895763
4,2973899091
4,2973899859
4,2973903187
4,2973903205
4,2973903955
4,2973911379
4,2973912147
4,2974297141
4,2974427493
4,2987657782
4,2987658294
4,2987661878
4,2987661925
4,2987662390
4,2987665974
4,2987666486
4,2987674166
4,2987674678
4,2987727414
4,2987727926
4,2987731510
4,2987732022
4,2987739702
4,2987740214
4,2993170775
4,2995002467
4,2995002471
4,3088456294
4,3093440855
4,3240830406
4,3242333891
4,3242403270
4,3242862022
4,3242935750
4,3246592934
4,3246790342
4,3247838118
4,3247838918
4,3247839798
4,3251258822
4,3255976861
4,3256100156
4,3256100157
4,3256493405
4,3256559014
4,3256616540
4,3256616541
4,3256624732
4,3256624733
4,3256632924
4,3256632925
4,3258193501
4,3258459485
4,3260556637
4,3260564315
4,3260687193
4,3260687708
4,3260687709
4,3260688723
4,3264484957
4,3265005149
4,3265021532
4,3265021533
4,3266578013
4,3266594397
4,3278389915
4,3292152665
4,3292152669
4,3297985446
4,3325567325
4,3372892586
4,3384943051
4,3384943563
4,3390849629
4,3392160397
4,3392407133
4,3392422493
4,3392423517
4,3398451853
4,3398702685
4,3398719069
4,3399239261
4,3400812125
4,3499300262
4,3510764966
4,3510764998
4,3510769062
4,3510769094
4,3510769347
4,3510773158
4,3510773190
4,3510781350
4,3510781382
4,3510834598
4,3510834630
4,3510838694
4,3510838726
4,3510846886
4,3510846918
4,3515225798
4,3524526997
4,3524527013
4,3524531093
4,3524531109
4,3524535189
4,3524535205
4,3524543381
4,3524543397
4,3524544147
4,3524806051
4,3525068435
4,3628209829
4,3628209831
4,3636598439
4,3761907289
4,3761907293
4,3777241947
4,3777766235
4,3779199849
4,3779199850
4,3779199851
4,3779203945
4,3779203946
4,3779203947
4,3779208041
4,3779208042
4,3779208043
4,3779216233
4,3779216234
4,3779216235
4,3779216698
4,3779216699
4,3779871547
4,3779871593
4,3779871595
4,3783410491
4,3783411003
4,3783411257
4,3783541563
4,3783672635
4,3783935545
4,3787605307
4,3792963161
4,3792963164
4,3792963165
4,3792967257
4,3792967260
4,3792967261
4,3792971068
4,3792971069
4,3792971353
4,3792971356
4,3792971357
4,3792979545
4,3792979548
4,3792979549
4,3793364317
4,3793364569
4,3793364573
4,3795060317
4,3795064413
4,3795068509
4,3795076701
4,3795330397
4,3795461725
4,3797427549
4,3797558621
4,3826402141
4,3826926429
4,3834790749
4,3835315037
4,3893503325
4,3893634365
4,3893634397
4,3893634409
4,3893765469
4,3894158697
4,3895600477
