4,23735446
4,23800982
4,25631834
4,27728986
4,42413206
4,43326554
4,43461782
4,57224342
4,57238940
4,57240732
4,57289878
4,57355414
4,57428627
4,57428635
4,60103770
4,60238998
4,61152346
4,61167306
4,61168842
4,61283418
4,61299914
4,63260986
4,90982739
4,93524842
4,93723244
4,93788780
4,94782041
4,94784089
4,94788243
4,94788249
4,96879193
4,96881241
4,102515110
4,102580646
4,104473493
4,106512806
4,106514854
4,106522938
4,106523050
4,106572229
4,106572237
4,106709414
4,106711462
4,106776998
4,108669389
4,113592886
4,114117174
4,122175910
4,122241446
4,126108249
4,126239321
4,128336539
4,135730092
4,138887590
4,138889638
4,139924396
4,139934316
4,139936166
4,139938214
4,141965773
4,154474076
4,154539722
4,154605258
4,155664806
4,156439468
4,156715430
4,171320265
4,173221276
4,174269894
4,174794182
4,204874697
4,204880325
4,204880329
4,206771116
4,206781036
4,206781100
4,207033260
4,207043244
4,279387286
4,292111770
4,292144538
4,292145498
4,292145610
4,292170902
4,292176267
4,292236438
4,294067290
4,296049814
4,296049862
4,296066134
4,296097863
4,296103062
4,298261674
4,298261706
4,298294442
4,298294474
4,298550726
4,298567014
4,298567110
4,306947526
4,307087926
4,309044678
4,310713430
4,310844566
4,310848662
4,310859436
4,311762010
4,311891628
4,311897238
4,311908012
4,311924396
4,312810586
4,312941718
4,312974022
4,313312924
4,314907846
4,314940614
4,315327942
4,315344230
4,315344326
4,316982679
4,317217943
4,325659798
4,325674396
4,325676188
4,325719443
4,325721235
4,325725334
4,325748115
4,325752211
4,325754003
4,328539226
4,329517143
4,329518167
4,329521175
4,329521239
4,329522263
4,329525271
4,329525335
4,329533463
4,329533527
4,329534551
4,329538647
4,329587802
4,329657494
4,330042455
4,330045779
4,330046547
4,330048924
4,330056537
4,330057815
4,330058067
4,330058835
4,330058839
4,330060633
4,330062163
4,330062931
4,330065308
4,330090140
4,331696442
4,332121446
4,332121542
4,344414828
4,345463404
4,345479788
4,346826949
4,350406999
4,350771655
4,361120345
4,361960298
4,362158700
4,370944157
4,370950566
4,374950310
4,374958394
4,374958506
4,375134517
4,375134629
4,375146918
4,375163189
4,375167285
4,375167397
4,378284125
4,378284189
4,378306983
4,378306999
4,378307511
4,380375703
4,381698711
4,381698967
4,381703063
4,381960855
4,381961111
4,381965207
4,382044470
4,382222999
4,382223255
4,382339383
4,382343478
4,382343479
4,382346185
4,382347574
4,382351670
4,382354087
4,382370725
4,382485143
4,382485399
4,390611366
4,394543705
4,404165548
4,405223114
4,406140620
4,406165084
4,406166108
4,406201289
4,406206921
4,407049126
4,407310758
4,407312806
4,407321706
4,407323046
4,407325094
4,408373670
4,409175446
4,409606343
4,409607367
4,409613766
4,409616779
4,409616795
4,409617035
4,409617051
4,409617307
4,409617547
4,409618571
4,409618587
4,409618843
4,409621403
4,409622939
4,409623751
4,409634903
4,409635159
4,409635927
4,409643413
4,409643420
4,409643421
4,409651610
4,409740489
4,409764805
4,413424215
4,413505116
4,413506140
4,413583043
4,417504343
4,417633735
4,417750215
4,422909532
4,422975178
4,424874924
4,430249564
4,441656732
4,442345014
4,442346038
4,442509399
4,442509655
4,442513751
4,442640471
4,442640727
4,442644823
4,442729878
4,443033687
4,443033943
4,443164759
4,443165015
4,443286935
4,443291030
4,443291031
4,443303318
4,443304537
4,443307414
4,443321427
4,447515731
4,447515735
4,449021382
4,449153590
4,451152983
4,451157079
4,451169367
4,451173463
4,451679639
4,470225318
4,470421959
4,471208615
4,471220646
4,472519111
4,474616263
4,475136423
4,475136935
4,475140487
4,475140519
4,475140775
4,475141031
4,475144583
4,475144615
4,475145127
4,475149223
4,475152775
4,475206572
4,475416998
4,475661223
4,475665301
4,475665317
4,475668903
4,475669337
4,475669397
4,475669413
4,475669415
4,475673433
4,475673493
4,475673509
4,475679034
4,475687226
4,475703658
4,478810567
4,479400810
4,479597223
4,480387527
4,480907719
4,480911815
4,482484679
4,483004871
4,483008967
4,483034021
4,483034023
4,508049847
4,512005047
4,512497847
4,558606700
4,559654252
4,559655276
4,560475230
4,560540822
4,560606358
4,560671894
4,560686538
4,560737372
4,560770140
4,562502746
4,562534090
4,562916410
4,564599898
4,564631242
4,566697130
4,566697162
4,566729898
4,566729930
4,566871498
4,568641883
4,568892507
4,576265306
4,577317982
4,577334362
4,577334364
4,577334366
4,577350742
4,577350750
4,579284118
4,580197466
4,580332694
4,581256858
4,581256862
4,581289626
4,581289630
4,581290646
4,581290652
4,581290654
4,583341230
4,583631214
4,591992886
4,593042522
4,594095254
4,594160790
4,594299539
4,594299547
4,595935546
4,596974682
4,596977210
4,596978746
4,597001786
4,597009978
4,597011514
4,598023258
4,598038218
4,598039754
4,598170826
4,600381130
4,600386102
4,600386614
4,600392614
4,600394294
4,600394806
4,600397514
4,600400806
4,600402486
4,600402998
4,600425930
4,605932118
4,609069654
4,611871181
4,612002253
4,612018637
4,613247614
4,613915308
4,617158764
4,622610515
4,627606107
4,627606363
4,627608155
4,627868251
4,627868507
4,627870291
4,627870299
4,630985644
4,630987347
4,630991443
4,630995539
4,631014249
4,631378379
4,631378635
4,631378891
4,631380171
4,631380427
4,631380683
4,631411659
4,631413195
4,631413451
4,631655001
4,631659155
4,631659161
4,632062299
4,633735787
4,633743971
4,633743977
4,633743979
4,633752153
4,633768547
4,633768555
4,633776739
4,633776745
4,633776747
4,635750747
4,641213341
4,641231261
4,641246109
4,641344405
4,643443141
4,643443149
4,645540301
4,650740286
4,659046822
4,662979161
4,672499290
4,672601004
4,673023578
4,673033302
4,673660106
4,674596442
4,675120730
4,675493324
4,675650138
4,675757222
4,675757230
4,675758502
4,675760550
4,675899702
4,676055402
4,676055406
4,676177500
4,676177502
4,676177534
4,676533164
4,676543148
4,676797034
4,676805226
4,676805292
4,676809126
4,676829802
4,676971836
4,677094860
4,677095884
4,677211196
4,677211228
4,677586382
4,677590476
4,677619142
4,677619150
4,677620166
4,677620174
4,677715150
4,677747918
4,677979598
4,678012358
4,678012366
4,678013382
4,678013390
4,678110670
4,678143430
4,678143438
4,678144454
4,678144462
4,678702237
4,678706333
4,678735005
4,680867420
4,680872366
4,680893034
4,680893130
4,680905370
4,684004524
4,684032876
4,691373658
4,691410634
4,691832412
4,693582442
4,693607018
4,694978899
4,700786266
4,700794458
4,700795302
4,700802650
4,700812342
4,701074486
4,701326938
4,708191177
4,710092188
4,711140806
4,711534022
4,712256669
4,712260765
4,712289437
4,739639659
4,739639959
4,739643754
4,739643755
4,739643814
4,739644055
4,739647849
4,739647850
4,739647851
4,739648151
4,739656343
4,741620381
4,741745609
4,741747357
4,741780125
4,741876637
4,741909405
4,742007701
4,743852633
4,745843037
4,748028779
4,748028823
4,748032363
4,748032663
4,748032873
4,748032874
4,748032875
4,748032919
4,748032934
4,748036459
4,748036759
4,748036969
4,748036970
4,748036971
4,748037015
4,748041065
4,748041066
4,748041067
4,748041111
4,748041126
4,748044951
4,748045207
4,748046995
4,748049303
4,748051091
4,748067477
4,748454761
4,755794283
4,759735163
4,759988587
4,763640443
4,764182891
4,768115307
4,816258198
4,828910686
4,828918171
4,828976278
4,829041814
4,829172828
4,829180307
4,830938202
4,832973974
4,844700762
4,847584342
4,847715478
4,847719574
4,848632922
4,849681498
4,851778758
4,851790394
4,877201974
4,877210166
4,877218358
4,877234742
4,877472310
4,877480502
4,877496886
4,883165527
4,883169623
4,883181911
4,883198295
4,883689815
4,883693907
4,883693911
4,883722579
4,883722583
4,885598774
4,885623350
4,907815069
4,915155037
4,915155101
4,940934746
4,941459034
4,941983322
4,942507610
4,943031898
4,943068869
4,944183910
4,944196006
4,944973164
4,945366364
4,946046358
4,950408902
4,979380311
4,979380567
4,979384663
4,979511383
4,979511639
4,979515735
4,979904599
4,979904855
4,980035927
4,983861335
4,984370263
4,988027991
4,988040279
4,988044375
4,1085965917
4,1093379014
4,1094264220
4,1094280604
4,1094296524
4,1094296988
4,1094341573
4,1097361819
4,1097409948
4,1097426332
4,1097442716
4,1097510083
4,1099137900
4,1099373658
4,1099633002
4,1099634794
4,1099662188
4,1099678630
4,1100186476
4,1100710764
4,1101399641
4,1101399644
4,1101399645
4,1101400151
4,1101400407
4,1101403737
4,1101403740
4,1101403741
4,1101404231
4,1101404247
4,1101404503
4,1101405270
4,1101408327
4,1101408343
4,1101408599
4,1101412695
4,1101414859
4,1101415579
4,1101416025
4,1101416028
4,1101416029
4,1101416519
4,1101416535
4,1101416791
4,1101416907
4,1101420121
4,1101420124
4,1101420125
4,1101420887
4,1101421654
4,1101432903
4,1101435850
4,1101449675
4,1101808585
4,1101824709
4,1103840678
4,1105380763
4,1105761739
4,1105873355
4,1105906123
4,1109247642
4,1110164422
4,1111000013
4,1111131077
4,1111131085
4,1113130406
4,1113130438
4,1113138598
4,1113138630
4,1113140310
4,1113146790
4,1113146822
4,1113154982
4,1113155014
4,1113156694
4,1113170844
4,1115919308
4,1116035642
4,1116155030
4,1116167334
4,1116167342
4,1116300694
4,1116412010
4,1116455786
4,1116455790
4,1116579484
4,1116579486
4,1116579518
4,1116955500
4,1117101116
4,1117198028
4,1117203606
4,1117214412
4,1117230796
4,1117472166
4,1117479788
4,1117479846
4,1117480358
4,1117488550
4,1117604412
4,1117637180
4,1117637276
4,1117984458
4,1117984462
4,1118000842
4,1118000846
4,1118016460
4,1118017226
4,1118017230
4,1118115530
4,1118115534
4,1118131914
4,1118131918
4,1118148298
4,1118148302
4,1118246602
4,1118246606
4,1118262986
4,1118262990
4,1118279370
4,1118279374
4,1118373326
4,1118389710
4,1118406094
4,1118422478
4,1119404893
4,1119405661
4,1119520349
4,1120486316
4,1120502124
4,1129911212
4,1131170451
4,1131170459
4,1133991628
4,1134008012
4,1134961609
4,1137002810
4,1138935195
4,1139329435
4,1144673225
4,1144673229
4,1144685405
4,1144695241
4,1144695244
4,1149721260
4,1149966442
4,1150509996
4,1150524076
4,1150524108
4,1150769836
4,1150786220
4,1150786252
4,1151034220
4,1164462427
4,1164470683
4,1164495195
4,1164724563
4,1167295340
4,1167465068
4,1167754090
4,1168267723
4,1168523723
4,1168523931
4,1168525771
4,1168525913
4,1168558539
4,1168656731
4,1168689499
4,1168918867
4,1170623065
4,1172462027
4,1172851035
4,1172883803
4,1176060326
4,1176256934
4,1178108765
4,1178108877
4,1178239837
4,1178239941
4,1178239949
4,1180256678
4,1180314053
4,1180314061
4,1180453286
4,1183140542
4,1183173310
4,1183402686
4,1183435454
4,1183664830
4,1183697598
4,1184531349
4,1187334710
4,1187596854
4,1191788966
4,1192772014
4,1195917734
4,1199850073
4,1209471916
4,1209506412
4,1209755052
4,1211507657
4,1211549381
4,1211549385
4,1211549389
4,1211767898
4,1211804869
4,1211804873
4,1211804877
4,1212629414
4,1212631462
4,1213404076
4,1213449580
4,1213449644
4,1213666220
4,1213676140
4,1213680038
4,1215474125
4,1215707597
4,1217075306
4,1217604758
4,1217633388
4,1217633452
4,1218143148
4,1219647181
4,1220170701
4,1220183645
4,1228542917
4,1228545114
4,1228555205
4,1228559301
4,1228572249
4,1230181292
4,1230194028
4,1230194092
4,1230210412
4,1230226796
4,1230226860
4,1235617373
4,1235618135
4,1235621465
4,1235621468
4,1235621469
4,1235621975
4,1235622231
4,1235622998
4,1235626071
4,1235626327
4,1235626437
4,1235630423
4,1235630533
4,1235633753
4,1235633756
4,1235633757
4,1235634263
4,1235634519
4,1235637849
4,1235637852
4,1235637853
4,1235638615
4,1235639382
4,1235655107
4,1235912281
4,1245054669
4,1245062089
4,1245071045
4,1245071049
4,1245071053
4,1245087429
4,1245087437
4,1245103813
4,1245103817
4,1245103821
4,1245463197
4,1247353452
4,1247356326
4,1247356358
4,1247358038
4,1247361644
4,1247364518
4,1247364550
4,1247372710
4,1247372742
4,1247374422
4,1247390268
4,1251156844
4,1251159190
4,1251165036
4,1251173228
4,1251181990
4,1251575206
4,1251697516
4,1253607005
4,1253738077
4,1278483037
4,1278483101
4,1278483149
4,1278515805
4,1278515869
4,1278515917
4,1278616521
4,1278622149
4,1278622153
4,1279470062
4,1279502830
4,1280512940
4,1280522860
4,1280522924
4,1280785068
4,1282554317
4,1282582989
4,1292505449
4,1300407275
4,1310233533
4,1350796140
4,1351320428
4,1351844716
4,1352369004
4,1353287324
4,1367573356
4,1368097644
4,1368621932
4,1370064540
4,1378420166
4,1378428358
4,1378436550
4,1378452934
4,1378559430
4,1378567622
4,1378584006
4,1384584902
4,1384590486
4,1385399718
4,1417905004
4,1418429292
4,1418953580
4,1444422045
4,1444422093
4,1444430254
4,1444553117
4,1444553165
4,1451329590
4,1451526198
4,1451788342
4,1455440535
4,1455440791
4,1455444887
4,1455702679
4,1455702935
4,1455707031
4,1455964823
4,1455965079
4,1456227223
4,1461207470
4,1477907372
4,1480790950
4,1481054630
4,1481066918
4,1481839532
4,1483347395
4,1483359131
4,1483360667
4,1486040214
4,1520714903
4,1545732759
4,1545736853
4,1545736855
4,1545740949
4,1545740951
4,1545765525
4,1545765527
4,1546261143
4,1546289815
4,1556751271
4,1585746871
4,1614316493
4,1614447557
4,1614447565
4,1621722570
4,1622836829
4,1629169004
4,1629177196
4,1629193580
4,1629300282
4,1629308474
4,1629324858
4,1631225433
4,1636244570
4,1637893019
4,1638024091
4,1647870925
4,1648001989
4,1648001997
4,1655277002
4,1656391261
4,1667777691
4,1667777947
4,1668041371
4,1671447195
4,1671447451
4,1671451547
4,1671578267
4,1671578523
4,1671582619
4,1671709339
4,1676200347
4,1681425357
4,1681556317
4,1681556421
4,1681556429
4,1695058003
4,1695058011
4,1695320147
4,1695320155
4,1697155155
4,1697155163
4,1697417307
4,1699252307
4,1699252315
4,1699514459
4,1701347931
4,1701348187
4,1701349467
4,1701349979
4,1701610331
4,1701612123
4,1703446611
4,1703446619
4,1703708763
4,1705001627
4,1705001883
4,1705005979
4,1705132699
4,1705132955
4,1705137051
4,1705263771
4,1707221355
4,1707640923
4,1714979677
4,1714979789
4,1715110749
4,1715110861
4,1717053501
4,1717053757
4,1717184973
4,1738556059
4,1746342828
4,1748378569
4,1748638810
4,1754605116
4,1757054557
4,1768458331
4,1790477917
4,1812998237
4,1813057898
4,1813061994
4,1813086570
4,1813260381
4,1813522525
4,1813784669
4,1815095389
4,1815095645
4,1815099741
4,1815357533
4,1815357789
4,1815361885
4,1815619677
4,1817192541
4,1817192797
4,1817196893
4,1817454685
4,1817454941
4,1817459037
4,1817716829
4,1819289693
4,1819289949
4,1819294045
4,1819552093
4,1819556189
4,1820530862
4,1829275731
4,1829536107
4,1833476987
4,2169203116
4,2170234284
4,2170250668
4,2170251692
4,2171225498
4,2171355849
4,2171357897
4,2179091611
4,2179095707
4,2179221963
4,2179226059
4,2182966426
4,2185111241
4,2186103486
4,2186111678
4,2187011436
4,2187027820
4,2189896854
4,2190304922
4,2190821018
4,2190821022
4,2192857805
4,2192971469
4,2192987853
4,2192988877
4,2193965484
4,2193967532
4,2203805036
4,2203936314
4,2204652955
4,2204653979
4,2204706204
4,2204707996
4,2204779930
4,2204909979
4,2204910995
4,2204911003
4,2204915091
4,2204915099
4,2207598234
4,2208634570
4,2208636106
4,2210743866
4,2210752058
4,2211276346
4,2212646043
4,2212650139
4,2238466387
4,2241008490
4,2241206883
4,2241215075
4,2242265755
4,2242267795
4,2242267801
4,2242267803
4,2244088523
4,2244088779
4,2244350411
4,2244350667
4,2244350923
4,2244352707
4,2246197659
4,2246199451
4,2246199707
4,2246203803
4,2246330779
4,2246334875
4,2246461851
4,2246465947
4,2251957141
4,2253928765
4,2253928861
4,2253998394
4,2253998506
4,2254055485
4,2254055733
4,2254055741
4,2254059829
4,2254059837
4,2254186812
4,2261076534
4,2285255109
4,2285255117
4,2285262533
4,2285262540
4,2286371238
4,2286373286
4,2286643564
4,2287155820
4,2287166828
4,2287166924
4,2287418028
4,2287691116
4,2287691212
4,2287692140
4,2301957724
4,2302023365
4,2302039749
4,2303928684
4,2318670429
4,2318801501
4,2318801605
4,2320704876
4,2320721260
4,2321245548
4,2321753542
4,2352359877
4,2352359881
4,2352359885
4,2354256492
4,2354256556
4,2369919723
4,2369927915
4,2370181867
4,2370190059
4,2383686077
4,2383690173
4,2385651869
4,2421364140
4,2437556563
4,2438141356
4,2439779731
4,2445494694
4,2451325845
4,2452368469
4,2452368470
4,2454341285
4,2454341287
4,2454465635
4,2454465639
4,2455055510
4,2455896519
4,2455897543
4,2455901639
4,2455905735
4,2455913927
4,2459714453
4,2460763027
4,2462729891
4,2462729893
4,2462729895
4,2487894947
4,2487894950
4,2488943523
4,2489985363
4,2496014949
4,2497841495
4,2497845591
4,2497857879
4,2498369879
4,2498382167
4,2525248183
4,2525250487
4,2525254583
4,2529182359
4,2529182615
4,2529186711
4,2529304999
4,2529444503
4,2529444759
4,2529448855
4,2529706647
4,2529706903
4,2529969047
4,2553615964
4,2557091015
4,2557094231
4,2560955996
4,2583970963
4,2583970967
4,2584495251
4,2584495255
4,2586068115
4,2586068119
4,2586592407
4,2588165267
4,2588165271
4,2588689559
4,2589993047
4,2589993303
4,2589997399
4,2590124119
4,2590124375
4,2590128471
4,2590517335
4,2590517591
4,2590648663
4,2592359571
4,2592359575
4,2592883863
4,2594448535
4,2594456727
4,2596410023
4,2596553879
4,2617905607
4,2620002759
4,2622099911
4,2626294215
4,2627871175
4,2629968327
4,2655533495
4,2659465911
4,2685803101
4,2685806281
4,2686330569
4,2687900253
4,2687903433
4,2688427721
4,2702517852
4,2702968413
4,2702984797
4,2705726554
4,2705933114
4,2706118236
4,2706119763
4,2706119766
4,2706119767
4,2706129757
4,2706129821
4,2706131258
4,2707823706
4,2711373113
4,2711373161
4,2713725275
4,2714249563
4,2714321722
4,2714387306
4,2719226461
4,2719357533
4,2719360713
4,2719755369
4,2719763033
4,2719885001
4,2721323613
4,2721454685
4,2721457865
4,2721860185
4,2730821182
4,2730829370
4,2730829374
4,2736538205
4,2739683933
4,2739683997
4,2752911965
4,2755009117
4,2757499237
4,2761179965
4,2761179997
4,2761234998
4,2761311033
4,2761311037
4,2772973947
4,2772976507
4,2772984699
4,2780833883
4,2780834139
4,2780838235
4,2780959339
4,2781096027
4,2781358171
4,2781358427
4,2781362523
4,2788432477
4,2788563549
4,2820020829
4,2822117981
4,2825070022
4,2825463238
4,2836664925
4,2836665037
4,2836666478
4,2836795997
4,2836796109
4,2839626810
4,2839823418
4,2840085562
4,2847942747
4,2847943003
4,2847947099
4,2848204891
4,2848467035
4,2848467291
4,2848471387
4,2855541341
4,2855672413
4,2861843005
4,2870231645
4,2907191675
4,2911124091
4,2915051611
4,2959747415
4,2972462165
4,2973833574
4,2974423379
4,2974424147
4,2974435667
4,2974436435
4,2978225206
4,2978290742
4,2978356325
4,2978356326
4,2988190262
4,2988190774
4,2988198454
4,2988198966
4,2988714581
4,2989238869
4,2989239381
4,2989239382
4,2991074387
4,2991074391
4,2993171543
4,2993301847
4,3024759125
4,3088391254
4,3093441623
4,3093965143
4,3126864215
4,3126995287
4,3127388503
4,3239265130
4,3239706987
4,3239707499
4,3239715691
4,3240498123
4,3242333131
4,3242595275
4,3242609257
4,3242861513
4,3242870441
4,3243133545
4,3243901803
4,3243909995
4,3244430283
4,3244692427
4,3246789579
4,3247571307
4,3247571819
4,3247575915
4,3247580011
4,3247838890
4,3247842137
4,3247842153
4,3247842197
4,3247852086
4,3250721739
4,3250983883
4,3251250121
4,3256226732
4,3256427868
4,3256488810
4,3256488869
4,3256488870
4,3256488871
4,3256492891
4,3256493468
4,3256494427
4,3258458973
4,3260683114
4,3260683173
4,3260683174
4,3260683175
4,3260687195
4,3260687769
4,3260688731
4,3260696915
4,3265008556
4,3305509323
4,3307606475
4,3309703627
4,3311538891
4,3311539147
4,3311801291
4,3313897931
4,3317830347
4,3317830603
4,3318092747
4,3374457177
4,3374457179
4,3374457433
4,3374457435
4,3374457945
4,3374457947
4,3374719323
4,3374720091
4,3390063261
4,3390116262
4,3390116518
4,3390117030
4,3390325405
4,3390587549
4,3390849693
4,3392160413
4,3392160669
4,3392164765
4,3392422557
4,3392684701
4,3392684957
4,3392689053
4,3393405294
4,3398451869
4,3398452125
4,3398456221
4,3398714013
4,3398976157
4,3398976413
4,3398980509
4,3400549021
4,3400549277
4,3400553373
4,3401073565
4,3401077661
4,3511297446
4,3511297478
4,3511305638
4,3511305670
4,3515028390
4,3524335254
4,3525055381
4,3525055397
4,3525059477
4,3525059493
4,3526116243
4,3527951269
4,3527951271
4,3527951287
4,3536077735
4,3558491043
4,3561112515
4,3561636771
4,3561636774
4,3561636803
4,3595060151
4,3598992311
4,3602924439
4,3603186583
4,3603448727
4,3625063846
4,3625129382
4,3625326243
4,3625326246
4,3628209895
4,3777111386
4,3779674938
4,3779724139
4,3779732329
4,3779732330
4,3779732331
4,3779740521
4,3779740522
4,3779740523
4,3779871611
4,3783411259
4,3783541609
4,3783541611
4,3783541627
4,3787588459
4,3787592555
4,3787596651
4,3788120939
4,3793298780
4,3793487453
4,3793495641
4,3793495644
4,3793495645
4,3793503833
4,3793503836
4,3793503837
4,3795329885
4,3801351773
4,3801355869
4,3801368157
4,3801892445
4,3826533180
4,3828499293
4,3829023581
4,3846718331
4,3850650491
4,3893503577
4,3893503581
4,3893634413
4,3893634429
4,3895600733
4,3921810283
4,3921814379
4,3935573597
4,3935585885
