4,57166491
4,57224348
4,57264586
4,57395658
4,57426587
4,61152458
4,61196956
4,61283530
4,92684889
4,94784153
4,94804426
4,106441165
4,106514858
4,106539676
4,106801820
4,137762506
4,137765833
4,139662252
4,139666844
4,204876233
4,204905116
4,206772908
4,206809546
4,207035052
4,309036486
4,309052870
4,309053894
4,310843078
4,310859462
4,310860998
4,311760540
4,311793308
4,311793324
4,311794332
4,311794348
4,311925420
4,312827078
4,312855196
4,312874693
4,312874694
4,312891077
4,312891078
4,312907461
4,312907462
4,312940230
4,312956614
4,312958150
4,325659804
4,329620124
4,329632412
4,344414892
4,345479852
4,345479884
4,346462924
4,365349267
4,374950314
4,377653302
4,377653303
4,377764535
4,377783223
4,381817511
4,381821351
4,382079655
4,382126483
4,405224650
4,406197962
4,406230732
4,407312998
4,407321190
4,407321254
4,408102300
4,409086039
4,409086295
4,409090391
4,409097671
4,409098695
4,409099463
4,409110615
4,409110871
4,409111639
4,409230423
4,409230487
4,409230535
4,409240983
4,409241031
4,409607366
4,409623750
4,409748165
4,413506204
4,413570764
4,413931209
4,413942473
4,413942729
4,413943497
4,413946825
4,413947593
4,417499223
4,417499479
4,417629591
4,439789973
4,442935701
4,447482967
4,447499347
4,447499351
4,475240906
4,475245002
4,482480839
4,483001255
4,483009445
4,483009447
4,511871030
4,511871031
4,558606794
4,558614986
4,559490396
4,559490412
4,559506780
4,559506796
4,559523164
4,559523180
4,559621484
4,559637868
4,560557148
4,560581066
4,560604618
4,560637385
4,560637386
4,560638409
4,560638410
4,560703946
4,560712138
4,564616394
4,564632778
4,591996982
4,592005174
4,594037403
4,594127306
4,594135498
4,594266570
4,594297499
4,598023370
4,605923926
4,609855948
4,613915340
4,614963916
4,621576539
4,622364755
4,622600537
4,622602323
4,622626899
4,623673691
4,625490299
4,625509243
4,625770843
4,626838074
4,627843419
4,627867995
4,629555801
4,629965147
4,631655065
4,633874779
4,633878875
4,633897563
4,633897819
4,634159451
4,634159707
4,634159963
4,643312077
4,643344797
4,643573917
4,643615290
4,673015388
4,673016924
4,674633418
4,675494502
4,675494506
4,675494508
4,675494510
4,675638358
4,675638362
4,675638364
4,675638366
4,675638398
4,675645018
4,675645020
4,675645022
4,675645054
4,675916230
4,675916234
4,675916236
4,675916238
4,676169306
4,676537756
4,676570572
4,676963788
4,678013386
4,678701405
4,678705501
4,680864860
4,680881244
4,681387612
4,681403996
4,684015980
4,684262830
4,684271020
4,684271022
4,684278188
4,684278700
4,684279212
4,684286892
4,684287404
4,693344874
4,693475946
4,694976859
4,701058102
4,708061853
4,708094621
4,708095133
4,740041068
4,741616285
4,741649053
4,741776028
4,741780124
4,741877917
4,741878429
4,741911197
4,748161447
4,748165543
4,748169639
4,748173735
4,748426089
4,756582483
4,757866843
4,768092267
4,775432349
4,847596090
4,874326582
4,874334774
4,874351158
4,940907062
4,940907574
4,941460534
4,945981783
4,945982551
4,946481491
4,946506067
4,949295670
4,949324342
4,954370391
4,956635190
4,956663862
4,983829591
4,983833687
4,983836759
4,983845975
4,983850071
4,1077576541
4,1093387206
4,1094325189
4,1094337369
4,1094337477
4,1094362572
4,1097426268
4,1097508300
4,1097607365
4,1097607621
4,1097611717
4,1097640389
4,1099653994
4,1099654058
4,1101142475
4,1101152923
4,1101153179
4,1101153435
4,1101154763
4,1101157275
4,1101158859
4,1101175243
4,1101187531
4,1101449674
4,1101580635
4,1101580699
4,1101580747
4,1101629084
4,1101801673
4,1105347739
4,1109240476
4,1109248668
4,1110999901
4,1111130973
4,1113180828
4,1113434780
4,1115906982
4,1115906986
4,1115906988
4,1115906990
4,1115915114
4,1115915116
4,1115915118
4,1116034758
4,1116034762
4,1116034764
4,1116034766
4,1116326550
4,1116326554
4,1116326556
4,1116326558
4,1116326590
4,1116439404
4,1116939116
4,1116947308
4,1116947366
4,1116968652
4,1117099724
4,1117463404
4,1118131910
4,1118406090
4,1119376285
4,1120213100
4,1120213612
4,1120221804
4,1120246380
4,1120475308
4,1125728570
4,1127917004
4,1130906267
4,1130908315
4,1130940827
4,1131062732
4,1132806458
4,1133745868
4,1133876940
4,1134707867
4,1138902171
4,1144669017
4,1144669021
4,1144673113
4,1144673117
4,1150501798
4,1150509990
4,1166426713
4,1168263627
4,1168296395
4,1168546250
4,1168558538
4,1168656843
4,1168689611
4,1170360779
4,1170393515
4,1170393547
4,1176125866
4,1180182989
4,1180281500
4,1180289692
4,1180543644
4,1211794269
4,1235750039
4,1235754135
4,1235766423
4,1235770519
4,1235883609
4,1245201309
4,1245205405
4,1245217629
4,1245348701
4,1250495614
4,1250511998
4,1251550630
4,1278618057
4,1280514732
4,1351816646
4,1351845286
4,1351845318
4,1352369606
4,1361782214
4,1361790406
4,1361806790
4,1367545254
4,1367545286
4,1368098214
4,1368593862
4,1368622502
4,1368622534
4,1385375142
4,1385382822
4,1385383334
4,1385768358
4,1385776550
4,1393115450
4,1393116218
4,1418937254
4,1451525047
4,1455559335
4,1455563175
4,1480795596
4,1486063046
4,1556218791
4,1556222631
4,1556222887
4,1556226471
4,1556226983
4,1556231079
4,1614423644
4,1614447453
4,1614448217
4,1614448220
4,1614448221
4,1631196761
4,1631208281
4,1631209049
4,1638536793
4,1638549081
4,1647847005
4,1647870813
4,1647978076
4,1648001885
4,1648002649
4,1648002652
4,1648002653
4,1667777179
4,1667811739
4,1681539929
4,1681539933
4,1695301993
4,1695301994
4,1695318363
4,1695318378
4,1695318379
4,1697415515
4,1699251067
4,1699512667
4,1699512683
4,1703706971
4,1707639387
4,1707639403
4,1707639643
4,1707901787
4,1717086621
4,1748665181
4,1748665948
4,1782088541
4,1782219613
4,2169186668
4,2169203052
4,2170234220
4,2170234316
4,2170235244
4,2170250604
4,2170250700
4,2171233740
4,2182956698
4,2182964890
4,2187011532
4,2187027916
4,2188076492
4,2190825164
4,2203805132
4,2203937338
4,2204648075
4,2204648091
4,2204788172
4,2206548282
4,2207602380
4,2244106651
4,2244350571
4,2244368787
4,2244368795
4,2253924429
4,2254203450
4,2285255061
4,2285255069
4,2287155818
4,2303933034
4,2318678429
4,2318809493
4,2318809501
4,2421824598
4,2422871494
4,2422876499
4,2422876501
4,2437024083
4,2437028179
4,2437032275
4,2437040467
4,2437040550
4,2437106086
4,2437547430
4,2437548371
4,2437552467
4,2437555622
4,2437556565
4,2437563814
4,2445941075
4,2445952422
4,2450785173
4,2450789269
4,2450793365
4,2450795670
4,2450801557
4,2450861206
4,2451309461
4,2451311670
4,2451313557
4,2451319862
4,2451325843
4,2451328054
4,2452358037
4,2452358039
4,2452362133
4,2452362135
4,2452366229
4,2452366231
4,2452374419
4,2456430931
4,2456430933
4,2459249814
4,2459708470
4,2459716662
4,2487880019
4,2487880023
4,2487884115
4,2487884119
4,2487888213
4,2487896403
4,2487896407
4,2489981267
4,2495744343
4,2495748439
4,2495760727
4,2496268631
4,2496272723
4,2496272727
4,2496285011
4,2496285015
4,2517375030
4,2519470743
4,2525763751
4,2529301159
4,2556042326
4,2557089222
4,2557091014
4,2557094227
4,2557094229
4,2584482967
4,2584482982
4,2584482983
4,2584484005
4,2584484006
4,2586580119
4,2588677271
4,2592871575
4,2592871591
4,2596545687
4,2596545703
4,2629964487
4,2694126134
4,2694126182
4,2694129244
4,2694196310
4,2694653532
4,2705458026
4,2705458027
4,2705462122
4,2705462123
4,2705464410
4,2705466218
4,2705466219
4,2705474410
4,2705474411
4,2705988698
4,2708085850
4,2710903350
4,2710903398
4,2713846635
4,2713854827
4,2714377299
4,2714389587
4,2719222326
4,2719226422
4,2719230518
4,2719238710
4,2719238745
4,2719238749
4,2719287862
4,2719291958
4,2719296054
4,2719746614
4,2719754806
4,2719820854
4,2721335901
4,2727609949
4,2727614045
4,2727626333
4,2728134237
4,2728143414
4,2728150617
4,2728150621
4,2753301046
4,2753309238
4,2753317430
4,2753374774
4,2761239094
4,2761697846
4,2761706038
4,2769043770
4,2771132763
4,2773238123
4,2780963179
4,2819955302
4,2820021350
4,2828343862
4,2828343910
4,2828346972
4,2828348508
4,2828414038
4,2848064363
4,2848068203
4,2848072043
4,2848072555
4,2855553629
4,2861827677
4,2861831773
4,2861844061
4,2861848157
4,2862368349
4,2959747413
4,2962561638
4,2972003414
4,2972462166
4,2974427477
4,2978290230
4,2978290278
4,3088390710
4,3088390758
4,3088391222
4,3088456806
4,3225036124
4,3230865094
4,3240756678
4,3240764870
4,3240773062
4,3240838598
4,3242329542
4,3242333638
4,3242337225
4,3242337227
4,3242337734
4,3242345926
4,3242395078
4,3242399174
4,3242411462
4,3242853830
4,3242870214
4,3242935718
4,3246593734
4,3246790310
4,3247642310
4,3247838886
4,3248113046
4,3250725835
4,3251258790
4,3256092252
4,3256092253
4,3256095660
4,3256096348
4,3256096349
4,3256100444
4,3256100445
4,3256108636
4,3256108637
4,3256619948
4,3258189405
4,3258197597
4,3258205789
4,3258590556
4,3258590813
4,3260687705
4,3264480861
4,3264497245
4,3264890458
4,3265021529
4,3317834187
4,3317834699
4,3359253852
4,3365082822
4,3384935275
4,3384939115
4,3384939371
4,3384942955
4,3384943467
4,3384947563
4,3385467755
4,3398698589
4,3398714973
4,3499300294
4,3499300550
4,3515028902
4,3515028934
4,3515029190
4,3515225766
4,3525067667
4,3558032294
4,3558491046
4,3625129414
4,3625129670
4,3761907036
4,3761907292
4,3795330653
