4,41430174
4,41495710
4,57158814
4,57224350
4,57255324
4,57257116
4,57320905
4,57321929
4,57420229
4,57420233
4,57420956
4,57453724
4,57486492
4,57519260
4,58207390
4,58272926
4,58567836
4,60135084
4,60136108
4,60267180
4,61183690
4,61185226
4,61281994
4,61298378
4,61316298
4,61720220
4,62768796
4,63249004
4,63249006
4,63249068
4,63249610
4,63282378
4,63380682
4,63413450
4,65510602
4,65783242
4,75112733
4,75112861
4,87704473
4,87826777
4,87828825
4,90810828
4,93733529
4,93735226
4,93735338
4,93735577
4,93768345
4,94620058
4,94788251
4,94816915
4,94816921
4,94816923
4,96913827
4,96913834
4,96913835
4,104450714
4,106447278
4,106449326
4,106512814
4,106514862
4,106547514
4,106547626
4,106578346
4,106580394
4,106580627
4,106580633
4,106613162
4,106645930
4,106678698
4,106744377
4,106744473
4,108667293
4,110314410
4,111516364
4,111647436
4,113447590
4,113449638
4,122175918
4,122241454
4,123224494
4,123290030
4,154542537
4,154543516
4,154544585
4,154545308
4,154577353
4,156474474
4,156474570
4,156736714
4,157625436
4,171355285
4,171355292
4,171355293
4,171844813
4,173216428
4,173217482
4,173217486
4,173218476
4,173219018
4,173251244
4,173480620
4,173513388
4,174398662
4,175383629
4,175383757
4,175514829
4,204843420
4,204880333
4,204908997
4,204909001
4,204909005
4,206805612
4,206805676
4,207034988
4,207043180
4,207067820
4,207333738
4,207854282
4,208116426
4,209070541
4,238690717
4,275455066
4,279324355
4,279387222
4,279848643
4,290170214
4,290170310
4,292119898
4,292119962
4,292120010
4,292232282
4,292301913
4,292301977
4,292334681
4,292334745
4,294098602
4,294098634
4,296065622
4,296065686
4,296065734
4,296535637
4,296535701
4,296625500
4,298278058
4,298278090
4,298535334
4,298568038
4,298568134
4,303941174
4,303942198
4,309009498
4,309144732
4,309177500
4,309865630
4,309931166
4,310226076
4,310713438
4,310713566
4,310728362
4,310728394
4,310729274
4,310729814
4,310729882
4,310729898
4,310729930
4,310844502
4,310844506
4,310860954
4,310860970
4,310861002
4,311794748
4,312740439
4,312744535
4,312756823
4,312760919
4,312789662
4,312810582
4,312870595
4,312878787
4,312886979
4,312903363
4,312919747
4,312941654
4,313264723
4,313264727
4,313267868
4,313267869
4,313281107
4,313281111
4,313284252
4,313284253
4,313296476
4,313312853
4,313312854
4,313312860
4,313313948
4,313378460
4,314427036
4,314907244
4,314907246
4,314907308
4,314907802
4,314907818
4,314907850
4,314924230
4,314940102
4,314940570
4,314940586
4,314940618
4,315038890
4,315038918
4,315038922
4,315071658
4,315071686
4,315071690
4,315345254
4,315345350
4,316802199
4,316802455
4,316806295
4,316806551
4,316818583
4,316818839
4,316822935
4,316834967
4,316835223
4,316839319
4,317168838
4,317232535
4,317326743
4,317330583
4,317330839
4,317342871
4,317343127
4,317347223
4,317359255
4,317359511
4,317363607
4,317441478
4,325594270
4,325597597
4,325599627
4,325659806
4,325690780
4,325692572
4,325700042
4,325728661
4,325856412
4,325889180
4,325954716
4,326642846
4,326708382
4,328570540
4,328571564
4,328702636
4,329528669
4,329528733
4,329528781
4,329532253
4,329536349
4,329566878
4,329659740
4,329659804
4,329659852
4,329683868
4,330045021
4,330045527
4,330048861
4,330048925
4,330048969
4,330048972
4,330048973
4,330048989
4,330049623
4,330049875
4,330052953
4,330053971
4,330056597
4,330060693
4,330061405
4,330065245
4,330065309
4,330065353
4,330065356
4,330065357
4,330065373
4,330073692
4,330075219
4,330090069
4,330090070
4,330090076
4,330091164
4,330155676
4,331684460
4,331684462
4,331684524
4,332122470
4,332122566
4,342600140
4,343648716
4,344398442
4,344414826
4,346474902
4,346474903
4,347577036
4,348340588
4,348342636
4,348346732
4,348375404
4,348866924
4,348899692
4,350488919
4,350493015
4,350505303
4,350509399
4,350521687
4,350525783
4,350787927
4,350914647
4,350914903
4,350918999
4,351013207
4,351017047
4,351017303
4,351045975
4,351050071
4,356139929
4,356264281
4,359246284
4,361120166
4,365316518
4,365316697
4,370819497
4,372886170
4,374876189
4,374876317
4,374882734
4,374884782
4,374888859
4,374948270
4,374950318
4,374975132
4,374982970
4,374983082
4,375015850
4,375048618
4,375114154
4,375150995
4,378033079
4,378034615
4,378034871
4,378280631
4,378284237
4,378288823
4,378290604
4,378290605
4,378290889
4,378749866
4,379767191
4,379898263
4,380029334
4,380029335
4,380380105
4,381715095
4,381715351
4,381715367
4,381831223
4,381831479
4,381835575
4,381977239
4,381977495
4,381977511
4,382239383
4,382239639
4,382239655
4,382337959
4,382343763
4,382346151
4,382474295
4,382474407
4,382474423
4,382477257
4,382501287
4,382501303
4,382501527
4,382501559
4,382501783
4,382501799
4,382501815
4,390611374
4,390676910
4,391659950
4,404200044
4,404200556
4,405214924
4,405223116
4,406142108
4,406203542
4,406206156
4,406207177
4,406263500
4,406271692
4,407049134
4,407057318
4,407057868
4,407058860
4,407059052
4,407059116
4,407059564
4,407059628
4,407311270
4,407311276
4,407321004
4,407321260
4,407321772
4,408359852
4,409119127
4,409155020
4,409163206
4,409250199
4,409381270
4,409381271
4,409483719
4,409484375
4,409484439
4,409484487
4,409604551
4,409605526
4,409605575
4,409606599
4,409607370
4,409611418
4,409611419
4,409619091
4,409621910
4,409621959
4,409622983
4,409623129
4,409623193
4,409623241
4,409623754
4,409626054
4,409634198
4,409639370
4,409643676
4,409651801
4,409651865
4,409651868
4,409737925
4,409741765
4,409745861
4,409748169
4,409749955
4,409754051
4,409765315
4,409765322
4,409765323
4,409769411
4,409769418
4,409769419
4,409881177
4,409905557
4,413542083
4,413603532
4,413958595
4,413958599
4,413959622
4,413960643
4,414066371
4,418023511
4,418023767
4,424909930
4,424910026
4,425172170
4,426060892
4,439755721
4,439757974
4,440603052
4,440603308
4,440603820
4,440604844
4,441652938
4,441652942
4,441654474
4,442345110
4,442346134
4,442533975
4,442534231
4,442534999
4,442665047
4,442665303
4,442666071
4,442770839
4,442771543
4,442774935
4,442796119
4,443058263
4,443058519
4,443059287
4,443173465
4,443189335
4,443189591
4,443190359
4,443288663
4,443290565
4,443305047
4,443320407
4,446958167
4,446962263
4,446974551
4,446978647
4,447096515
4,447104707
4,447121091
4,447137475
4,447482455
4,447484869
4,447498835
4,447498839
4,450922583
4,450922839
4,451053655
4,451053911
4,451184727
4,451446871
4,451447127
4,451578199
4,451693655
4,463738967
4,463743063
4,463751255
4,470422213
4,470422215
4,471470789
4,472519365
4,472519367
4,474088423
4,474092519
4,474096615
4,474100711
4,474612711
4,474616517
4,474616519
4,474617963
4,474620903
4,475144539
4,475144795
4,475145051
4,475149147
4,475157307
4,475158843
4,475159099
4,475179470
4,475402919
4,475419450
4,475420986
4,475421242
4,475437402
4,475664747
4,475665003
4,475665259
4,475670867
4,475673451
4,475674963
4,475676987
4,475677243
4,475677499
4,475677589
4,475678779
4,475679035
4,475679289
4,475679290
4,475679291
4,475681593
4,475681685
4,475685691
4,475687227
4,475687481
4,475687482
4,475687483
4,475693930
4,475693989
4,475702115
4,475702118
4,475702122
4,475703754
4,475769194
4,476227991
4,476359063
4,476490134
4,476490135
4,476727897
4,478295015
4,478810821
4,478810823
4,480387783
4,480907975
4,480912071
4,480938645
4,481067463
4,481069507
4,482476999
4,482481095
4,482485191
4,482489287
4,482742983
4,482743015
4,482748519
4,482749029
4,482757221
4,482773605
4,482781797
4,483001287
4,483001319
4,483005127
4,483007059
4,483008999
4,483009477
4,483009479
4,483009511
4,483525543
4,483529127
4,483529383
4,483529639
4,483533223
4,483533735
4,483537831
4,484058023
4,486949286
4,505545367
4,505549463
4,505553559
4,505578135
4,506073751
4,506102423
4,508303415
4,511985718
4,515932823
4,516194967
4,516457111
4,542709052
4,544812126
4,555559994
4,555568186
4,555576378
4,555592762
4,558434614
4,558442806
4,558450998
4,558459190
4,558467430
4,558475622
4,558475718
4,558483798
4,558483814
4,558483866
4,558483910
4,558598502
4,558614870
4,558614886
4,558614982
4,559482172
4,559486268
4,559498556
4,559514940
4,559531324
4,560490907
4,560491614
4,560540758
4,560540766
4,560639171
4,560736605
4,560736709
4,560736713
4,560737433
4,560737434
4,560737436
4,560753756
4,560769372
4,560769373
4,560770201
4,560770202
4,560770204
4,560802908
4,560835676
4,561523806
4,561589342
4,561884252
4,563948602
4,565020252
4,565036636
4,566085212
4,566713514
4,566713546
4,566823222
4,566830538
4,566839606
4,566846922
4,566855110
4,566871382
4,566871398
4,566871494
4,566872522
4,566986182
4,567002470
4,567002566
4,567002570
4,568492379
4,568493147
4,568493403
4,568494171
4,568494427
4,568497499
4,568498523
4,568624475
4,568628571
4,568754523
4,568755291
4,568755547
4,568756315
4,568756571
4,568759643
4,568760667
4,568827082
4,569099722
4,575252822
4,575252826
4,575252828
4,575252830
4,577349974
4,577349978
4,577349980
4,577349982
4,578301086
4,579163798
4,579163802
4,579163804
4,579163806
4,581260950
4,581260954
4,581260956
4,581260958
4,583343270
4,583343274
4,583343278
4,583376038
4,583376042
4,583376046
4,583474346
4,583507114
4,583632238
4,583648614
4,583648618
4,583648622
4,583779686
4,592000750
4,592021558
4,593049286
4,593049290
4,593049292
4,593049294
4,593077194
4,594029726
4,594191817
4,594192841
4,594291141
4,594291145
4,596982378
4,598054602
4,598056138
4,598067868
4,598169290
4,598187210
4,600120522
4,600153290
4,600284362
4,600381100
4,600381102
4,600381132
4,600381134
4,600381166
4,600382006
4,600389286
4,600390198
4,600392554
4,600397484
4,600397486
4,600397516
4,600397518
4,600397550
4,600400746
4,600409542
4,600411190
4,600425814
4,600425830
4,600425926
4,600426954
4,600556902
4,600556998
4,600557002
4,605932122
4,607929029
4,607931077
4,607939269
4,607963845
4,609028670
4,609036862
4,609045052
4,609045054
4,609053244
4,609053246
4,609061438
4,609069630
4,609069660
4,609069662
4,609864282
4,609987020
4,611852701
4,611854749
4,611871133
4,611983773
4,612084172
4,612850348
4,613263958
4,613898924
4,614312534
4,614963910
4,614963918
4,616012492
4,617155134
4,617162814
4,617163326
4,617187902
4,617417278
4,617424958
4,617425470
4,617450046
4,617458262
4,621576571
4,621577083
4,622596526
4,624575385
4,625770875
4,625771387
4,626641498
4,626790830
4,626792878
4,627599771
4,629695355
4,629696891
4,629697147
4,629965179
4,629965691
4,630606489
4,630639257
4,630991158
4,631395275
4,631396811
4,631397067
4,631490970
4,631659163
4,631675338
4,631687827
4,631687833
4,631687835
4,633760314
4,633934764
4,634028651
4,634131372
4,634136699
4,634159483
4,634159739
4,634159995
4,639386022
4,643318190
4,643320238
4,643328413
4,643582374
4,643582553
4,645407133
4,645409181
4,645425565
4,647185322
4,648387276
4,648518348
4,650320046
4,650320550
4,659046830
4,660095406
4,672470618
4,672474714
4,672476250
4,672478810
4,672487004
4,672491098
4,672492634
4,672504410
4,672507482
4,672509018
4,672994906
4,672999002
4,673003098
4,673015386
4,673031770
4,673651918
4,673660102
4,673660110
4,673684166
4,673684174
4,673684686
4,674511309
4,674512077
4,674576076
4,674588252
4,675161293
4,675495110
4,675495114
4,675495118
4,675654230
4,675654236
4,675654238
4,675749062
4,675757258
4,675781830
4,675899754
4,675899756
4,675899758
4,676029802
4,676030828
4,676170300
4,676178492
4,676178518
4,676535386
4,676541900
4,676542892
4,676698714
4,676795308
4,676926780
4,677194806
4,677592266
4,677846214
4,677854410
4,677878982
4,678603213
4,678603981
4,678700237
4,678831309
4,679819902
4,679820374
4,679820378
4,679820380
4,679820382
4,679820414
4,679820926
4,680860826
4,680863322
4,680864924
4,680872250
4,680875612
4,680879706
4,680880550
4,680880554
4,680880556
4,680880558
4,680881308
4,680887898
4,680892874
4,680897180
4,680905126
4,680905130
4,680905134
4,680905162
4,681412186
4,684005996
4,684005998
4,684009836
4,684014188
4,684014190
4,684016044
4,684018236
4,684026428
4,684033596
4,684033692
4,684041788
4,684041884
4,684294716
4,684295772
4,684296764
4,691285150
4,691414428
4,691416220
4,693310380
4,693312602
4,693703996
4,693716284
4,693732668
4,693749052
4,694977115
4,694977371
4,694977883
4,694979163
4,697649574
4,700785516
4,701047660
4,701057334
4,702710107
4,702710875
4,702711131
4,702711899
4,702712155
4,702715227
4,702716251
4,702842203
4,702843227
4,702846299
4,702847323
4,702973275
4,702974299
4,702977371
4,702978395
4,708226197
4,708226204
4,708226205
4,709433450
4,709433454
4,709460330
4,711269574
4,712254669
4,739509117
4,739513213
4,739517309
4,739521405
4,739645494
4,739649629
4,739656042
4,739783549
4,739840364
4,739907690
4,740033405
4,740037229
4,740037245
4,740037501
4,740041069
4,740041085
4,740041597
4,740045693
4,741484637
4,741484893
4,741485149
4,741488989
4,741489245
4,741516125
4,741517661
4,741517917
4,741746781
4,742007197
4,743807578
4,743859091
4,743860627
4,743860883
4,743877270
4,744233317
4,744235373
4,744235389
4,744245605
4,744261989
4,744266085
4,747897709
4,747901805
4,747903645
4,747936413
4,747981222
4,748034614
4,748034717
4,748042806
4,748045162
4,748046739
4,748046755
4,748050835
4,748050851
4,748053354
4,748053411
4,748061545
4,748061589
4,748065589
4,748065621
4,748065685
4,748067484
4,748067485
4,748259690
4,748421997
4,748422013
4,748425837
4,748425853
4,748426092
4,748426093
4,748426109
4,748431670
4,751405628
4,759711827
4,761823835
4,810228826
4,811148652
4,811279724
4,812199006
4,812221894
4,812325978
4,812352966
4,812461148
4,813247582
4,816154204
4,816191173
4,816258134
4,816612956
4,816678492
4,818513350
4,818644422
4,827006042
4,827925868
4,828910750
4,828918427
4,828932957
4,828933021
4,828933069
4,828976214
4,828976222
4,829168221
4,829168285
4,829168325
4,829168333
4,829168349
4,829172125
4,829172889
4,829172890
4,829172892
4,829178771
4,829180315
4,829180563
4,829180571
4,829195157
4,829959262
4,830024798
4,832848733
4,832931420
4,832979801
4,833390172
4,843662246
4,843783258
4,844710822
4,845753438
4,845776326
4,846736542
4,847584350
4,847584478
4,847594298
4,847594346
4,847595834
4,847610730
4,847610732
4,847610734
4,847610862
4,847715414
4,847715418
4,849681494
4,849745605
4,851778714
4,851778730
4,851778762
4,851781996
4,851781998
4,851782126
4,851788602
4,851790138
4,851805034
4,852067782
4,877204396
4,878252972
4,883303369
4,887359831
4,887363927
4,887376215
4,887392599
4,887785815
4,887888215
4,887916887
4,889985123
4,911747229
4,915155149
4,927482286
4,941429610
4,943072201
4,943074454
4,943920044
4,944446554
4,944968620
4,944970842
4,945366380
4,946478282
4,946480021
4,946489945
4,946490009
4,946506071
4,946506839
4,948245354
4,949293930
4,949300380
4,949307814
4,949307818
4,949307822
4,950408901
4,954894679
4,979404887
4,979405143
4,979405911
4,979535959
4,979536215
4,979536983
4,979642455
4,979667031
4,979929175
4,979929431
4,979930199
4,980060503
4,980061271
4,980175959
4,983862359
4,987793495
4,987793751
4,987924823
4,988318039
4,1007042982
4,1007294570
4,1019357287
4,1077615706
4,1092298156
4,1092306348
4,1092314540
4,1092339116
4,1093379020
4,1094304604
4,1094327454
4,1094329285
4,1094345669
4,1094362060
4,1094392922
4,1094427596
4,1097477270
4,1097602243
4,1097602251
4,1099109228
4,1099117418
4,1099121516
4,1099121580
4,1099125612
4,1099129708
4,1099129772
4,1099142092
4,1099154284
4,1099154348
4,1099633516
4,1099645804
4,1099649900
4,1099653996
4,1099678572
4,1101137499
4,1101141595
4,1101153883
4,1101157979
4,1101239244
4,1101240778
4,1101284299
4,1101288395
4,1101316955
4,1101317019
4,1101317067
4,1101402571
4,1101403590
4,1101404619
4,1101407836
4,1101419974
4,1101421003
4,1101424220
4,1101424981
4,1101425045
4,1101425093
4,1101425749
4,1101425756
4,1101425813
4,1101432409
4,1101437274
4,1101437387
4,1101437642
4,1101449670
4,1101551195
4,1101661786
4,1101661787
4,1101665882
4,1101665883
4,1101678170
4,1101678171
4,1101682266
4,1101682267
4,1101801669
4,1101810115
4,1101812681
4,1101814211
4,1101825475
4,1101825478
4,1101825479
4,1101829571
4,1101829574
4,1101829575
4,1101928025
4,1101940313
4,1101944409
4,1105609883
4,1108936086
4,1108944278
4,1108952470
4,1108960662
4,1108969110
4,1108976534
4,1108977302
4,1108978076
4,1108978326
4,1108985494
4,1108986518
4,1109231254
4,1109238678
4,1109239446
4,1109240470
4,1110115790
4,1110123978
4,1110123982
4,1110132174
4,1110140362
4,1110140366
4,1110148558
4,1110164426
4,1110164430
4,1110164942
4,1110983629
4,1110987725
4,1111016397
4,1111073740
4,1111075484
4,1111170138
4,1111392973
4,1112097726
4,1112105918
4,1112130454
4,1112130458
4,1112130460
4,1112130462
4,1112130494
4,1113134534
4,1113138780
4,1113150918
4,1113152102
4,1113152106
4,1113152108
4,1113152110
4,1113152614
4,1113152618
4,1113152622
4,1113152710
4,1113155164
4,1113163174
4,1113172380
4,1113172630
4,1113180764
4,1115171998
4,1115931590
4,1115931594
4,1115931598
4,1116035750
4,1116035756
4,1116035758
4,1116150438
4,1116166828
4,1116183206
4,1116300954
4,1116300956
4,1116300958
4,1116440010
4,1116455878
4,1116456394
4,1116563004
4,1116563098
4,1116935020
4,1116951404
4,1116967884
4,1117068378
4,1117324694
4,1117332886
4,1117341078
4,1117349270
4,1118028742
4,1118537162
4,1118553030
4,1118553546
4,1118963405
4,1118967501
4,1118979789
4,1118983885
4,1118996173
4,1119012557
4,1119388365
4,1119388621
4,1119519437
4,1119519693
4,1120216124
4,1120475244
4,1120486318
4,1120487996
4,1120494508
4,1120494510
4,1120496188
4,1120503356
4,1120503388
4,1120511548
4,1120511580
4,1127850956
4,1127881886
4,1129929318
4,1129929322
4,1129929324
4,1129929326
4,1129957980
4,1130900638
4,1130916251
4,1131029449
4,1131031702
4,1131949214
4,1133843372
4,1133845594
4,1134105914
4,1134110010
4,1134134586
4,1134142778
4,1134793676
4,1134970011
4,1134979413
4,1134979477
4,1134979525
4,1135004102
4,1135220371
4,1135224467
4,1135249043
4,1135253139
4,1144695237
4,1144695245
4,1148854685
4,1149704878
4,1149721254
4,1149721262
4,1149737646
4,1149737670
4,1149737678
4,1150524012
4,1151026086
4,1151034278
4,1151034284
4,1153057373
4,1153057629
4,1153061725
4,1153061837
4,1153073757
4,1153074013
4,1161570649
4,1167215022
4,1167477050
4,1167477162
4,1168393115
4,1168393163
4,1168397211
4,1168397259
4,1168425819
4,1168425883
4,1168425931
4,1170655651
4,1170655658
4,1170655659
4,1176060334
4,1178102173
4,1179206590
4,1179214782
4,1179239358
4,1180189102
4,1180191150
4,1180254638
4,1180322451
4,1180322457
4,1180486201
4,1180486297
4,1184531005
4,1184531037
4,1184531149
4,1184531261
4,1184531293
4,1184531405
4,1186497117
4,1186497229
4,1186497373
4,1186497485
4,1186628445
4,1186628557
4,1187191462
4,1191788974
4,1192837550
4,1195917742
4,1195983278
4,1196966318
4,1210531018
4,1210827718
4,1211382365
4,1211382429
4,1211382477
4,1211524556
4,1211655005
4,1211655069
4,1211655117
4,1211800268
4,1211833434
4,1212365158
4,1212365162
4,1212365164
4,1212365166
4,1212365294
4,1213421260
4,1216566182
4,1216566186
4,1216566188
4,1216566190
4,1216566254
4,1216567278
4,1217636812
4,1228286409
4,1228319177
4,1228555670
4,1230198476
4,1231367260
4,1231819979
4,1234381974
4,1235355227
4,1235359323
4,1235360203
4,1235392971
4,1235430550
4,1235620299
4,1235621318
4,1235622347
4,1235625564
4,1235626389
4,1235627157
4,1235630485
4,1235631253
4,1235637702
4,1235641948
4,1235643477
4,1235650137
4,1235650899
4,1235653459
4,1235653971
4,1235654995
4,1235655114
4,1235655115
4,1235846812
4,1235879515
4,1235883610
4,1235883611
4,1235895702
4,1245078988
4,1245256794
4,1245322330
4,1246960300
4,1246993068
4,1247255212
4,1247352262
4,1247352942
4,1247353450
4,1247353454
4,1247353962
4,1247353966
4,1247356508
4,1247361642
4,1247361646
4,1247362154
4,1247362158
4,1247368646
4,1247370342
4,1247372892
4,1247380902
4,1247382070
4,1247388470
4,1247389238
4,1247390262
4,1247390364
4,1247651382
4,1247652406
4,1247652412
4,1248140486
4,1250105454
4,1250132330
4,1250525546
4,1251165786
4,1251550614
4,1251559002
4,1252623818
4,1253181133
4,1253197517
4,1253213901
4,1278491229
4,1278491293
4,1278491341
4,1278585244
4,1278622157
4,1278646940
4,1278650821
4,1278650825
4,1278650829
4,1279474158
4,1280547436
4,1280547500
4,1280551370
4,1280785004
4,1280809644
4,1281596106
4,1281858250
4,1282812365
4,1309835837
4,1310097981
4,1310098077
4,1318224445
4,1318224541
4,1345984197
4,1351292508
4,1352341084
4,1362762838
4,1368069724
4,1377637292
4,1378425946
4,1379474522
4,1380527190
4,1380783020
4,1383607454
4,1384455258
4,1384977324
4,1385371046
4,1385503834
4,1385792934
4,1387013065
4,1390544279
4,1390548375
4,1390560663
4,1390577047
4,1391072663
4,1391084951
4,1391101335
4,1422084460
4,1434600025
4,1443447214
4,1443465270
4,1444423763
4,1444423765
4,1444446555
4,1444446811
4,1444448339
4,1444448347
4,1444495790
4,1444549067
4,1444549323
4,1444550859
4,1444554909
4,1444561307
4,1444561563
4,1444563099
4,1444685981
4,1447641518
4,1448618141
4,1448624558
4,1451771987
4,1452048807
4,1452048823
4,1452049335
4,1455456919
4,1455457175
4,1455457191
4,1455719063
4,1455719319
4,1455719335
4,1455981207
4,1455981463
4,1455981479
4,1456087975
4,1456243127
4,1456243383
4,1456243607
4,1456243623
4,1456243639
4,1460224430
4,1464353198
4,1479810142
4,1479943113
4,1479952985
4,1480201925
4,1480203350
4,1480790958
4,1480795484
4,1480795548
4,1480795740
4,1480820314
4,1480820316
4,1480820318
4,1481053094
4,1481053100
4,1483096921
4,1483098713
4,1483287706
4,1483347347
4,1483347398
4,1483347399
4,1483351443
4,1483359065
4,1483359635
4,1483360857
4,1483360915
4,1483360921
4,1483376019
4,1484985948
4,1486034524
4,1487505052
4,1487702467
4,1520706711
4,1543903331
4,1544163783
4,1544192362
4,1544692059
4,1544692313
4,1544692315
4,1544954203
4,1545749081
4,1546260935
4,1548358087
4,1552040537
4,1552552391
4,1554129351
4,1556226503
4,1556251559
4,1579291287
4,1579295383
4,1579319959
4,1589674647
4,1612389466
4,1614486618
4,1619756490
4,1620256108
4,1620780396
4,1621853642
4,1622705101
4,1622836173
4,1629166682
4,1629168492
4,1629176684
4,1629193068
4,1629295532
4,1629300314
4,1629308506
4,1629324890
4,1631200857
4,1632441260
4,1634348182
4,1635976556
4,1635980652
4,1635984748
4,1635992940
4,1636009324
4,1636509036
4,1636517228
4,1636533612
4,1636635564
4,1638083734
4,1638417307
4,1638565465
4,1640567724
4,1645943898
4,1652890790
4,1652894878
4,1652900774
4,1652900782
4,1652902310
4,1652902318
4,1653025942
4,1653310922
4,1653812310
4,1656259533
4,1656390605
4,1671447707
4,1671578779
4,1671709851
4,1671971483
4,1671971739
4,1671971995
4,1675642011
4,1681672901
4,1689813965
4,1689928541
4,1689944925
4,1689945037
4,1695158633
4,1695318395
4,1695318907
4,1697261771
4,1699512699
4,1699513211
4,1701341595
4,1703023278
4,1703024694
4,1703024742
4,1703053366
4,1703430198
4,1703707003
4,1703707515
4,1704071854
4,1707901307
4,1707901563
4,1707901819
4,1712865702
4,1714973085
4,1721270877
4,1721270989
4,1721271133
4,1721271245
4,1721402205
4,1721402317
4,1723368285
4,1723368397
4,1746208314
4,1746212410
4,1746216506
4,1746224698
4,1746241082
4,1746607194
4,1746740794
4,1746748986
4,1746765370
4,1748641222
4,1749228710
4,1749232726
4,1749232734
4,1749232790
4,1749232798
4,1749232862
4,1749240238
4,1749502374
4,1749912124
4,1750274988
4,1750288806
4,1750418342
4,1750419878
4,1754473836
4,1754475606
4,1754601018
4,1754605114
4,1754605148
4,1754612646
4,1754612654
4,1754613306
4,1754614074
4,1754614182
4,1754614186
4,1754629690
4,1755651226
4,1755940298
4,1758038588
4,1768456795
4,1768457051
4,1768458843
4,1768719195
4,1768720987
4,1813070246
4,1813123494
4,1813528998
4,1817717085
4,1828798886
4,1829259318
4,1829275739
4,1829537883
4,1831372891
4,1833470043
4,1837664347
4,1882860694
4,1888689242
4,1902659995
4,1904417882
4,1921337914
4,2014647212
4,2017666508
4,2159417949
4,2169203110
4,2171227227
4,2171231322
4,2171231323
4,2172347852
4,2175211212
4,2175227596
4,2176276172
4,2177046700
4,2177046956
4,2177047724
4,2177063340
4,2177064108
4,2177309868
4,2177326252
4,2179220891
4,2179224987
4,2179351707
4,2179351963
4,2179356059
4,2179487131
4,2179488155
4,2179744155
4,2179745179
4,2179749275
4,2182966422
4,2184980681
4,2184981193
4,2184981705
4,2184997577
4,2184998089
4,2185053850
4,2185963884
4,2185980268
4,2186102426
4,2186110618
4,2187012460
4,2187028844
4,2187151002
4,2187159194
4,2188060106
4,2188060110
4,2188076490
4,2188076494
4,2189125068
4,2190304830
4,2190304924
4,2190304926
4,2190305852
4,2190305854
4,2190830742
4,2190939852
4,2190956236
4,2192839261
4,2192841309
4,2192857693
4,2192970333
4,2192972381
4,2193053388
4,2193965630
4,2194489918
4,2194491034
4,2194499226
4,2203806060
4,2203936410
4,2204654747
4,2204707990
4,2204769370
4,2207591574
4,2207733452
4,2208635994
4,2208782028
4,2211276442
4,2212775323
4,2212779419
4,2212906395
4,2212910491
4,2213041563
4,2213042587
4,2213299611
4,2213303707
4,2222596509
4,2226524765
4,2226526813
4,2235188121
4,2235312473
4,2240166635
4,2240168537
4,2242267737
4,2244090571
4,2244096971
4,2244350699
4,2244352715
4,2244354507
4,2244355017
4,2244355019
4,2244625067
4,2244627113
4,2244635305
4,2246330827
4,2246334923
4,2249990573
4,2249990589
4,2249991101
4,2249992389
4,2249992393
4,2249995197
4,2249999049
4,2253212350
4,2253220542
4,2253928877
4,2253998502
4,2254055581
4,2254181292
4,2254184877
4,2254184893
4,2257798058
4,2257865133
4,2257869229
4,2258389417
4,2258393513
4,2259948125
4,2259950173
4,2260081245
4,2260933286
4,2273722779
4,2273723035
4,2273724571
4,2277654939
4,2277656731
4,2285249481
4,2285262537
4,2285262541
4,2286642542
4,2286642634
4,2286642638
4,2286643562
4,2286643566
4,2287145900
4,2287166892
4,2287409770
4,2287409772
4,2287417962
4,2287417964
4,2289443997
4,2289445021
4,2289445277
4,2289445325
4,2289449373
4,2289449421
4,2293633629
4,2293635677
4,2302880238
4,2303936934
4,2304195178
4,2304912539
4,2304916635
4,2305109084
4,2305436825
4,2305440921
4,2311265452
4,2311281836
4,2318670541
4,2318686813
4,2318801613
4,2318813785
4,2318813789
4,2319199433
4,2319215817
4,2321246572
4,2321882310
4,2322867405
4,2322868637
4,2322872733
4,2322999709
4,2323003805
4,2325028010
4,2325036202
4,2327056989
4,2327059037
4,2327190109
4,2352358345
4,2354254764
4,2354526826
4,2365985227
4,2368082379
4,2370179531
4,2372014795
4,2374373835
4,2378306251
4,2383554621
4,2383816765
4,2384078909
4,2387748925
4,2421377446
4,2421828693
4,2422414422
4,2426808003
4,2427332291
4,2429164643
4,2429164646
4,2429164647
4,2436646549
4,2437028198
4,2437093734
4,2437556677
4,2438154662
4,2438601814
4,2439653715
4,2445944230
4,2445953446
4,2450790038
4,2450855574
4,2451327635
4,2452360275
4,2452360279
4,2452368467
4,2452368471
4,2452376659
4,2452376663
4,2452958358
4,2453801411
4,2453801415
4,2453805507
4,2453805511
4,2453809603
4,2453809607
4,2453817795
4,2453817799
4,2453932693
4,2453932695
4,2453932727
4,2453936789
4,2453936791
4,2453936823
4,2453940885
4,2453940887
4,2453940919
4,2453949077
4,2453949079
4,2453949111
4,2454342198
4,2454463942
4,2454931878
4,2455383125
4,2455514262
4,2455898567
4,2455902663
4,2455906759
4,2455914951
4,2455968854
4,2456425926
4,2456570963
4,2458143123
4,2460222359
4,2460224087
4,2460226455
4,2460228183
4,2460238743
4,2460240471
4,2460746647
4,2460748375
4,2460748887
4,2460750741
4,2460750743
4,2460763029
4,2460763031
4,2460764755
4,2460764759
4,2460765267
4,2460765271
4,2462190695
4,2462207079
4,2462320222
4,2462336606
4,2462714983
4,2462730806
4,2462731363
4,2462731367
4,2467053987
4,2479097438
4,2479113822
4,2487878565
4,2487878567
4,2487878631
4,2487886757
4,2487886759
4,2487886823
4,2487894949
4,2487894951
4,2487895015
4,2488486310
4,2489985365
4,2495742919
4,2495747015
4,2495751111
4,2496006759
4,2496014951
4,2496023141
4,2496267175
4,2496267207
4,2496267239
4,2496275365
4,2496275367
4,2496275397
4,2496275399
4,2496275431
4,2516914598
4,2521041591
4,2521045687
4,2521049783
4,2521053879
4,2521057975
4,2521062071
4,2521066167
4,2525516727
4,2525518263
4,2525518519
4,2554472853
4,2555595174
4,2556046421
4,2556767324
4,2561025731
4,2563382371
4,2563382374
4,2563382375
4,2571249813
4,2584088997
4,2584482999
4,2586198727
4,2588025198
4,2588033338
4,2588033450
4,2588034106
4,2588166202
4,2588677303
4,2589066094
4,2589073774
4,2589074286
4,2592871607
4,2594440087
4,2594441815
4,2594444183
4,2594445911
4,2594458199
4,2594462295
4,2594968471
4,2594982487
4,2594982999
4,2596408423
4,2596424807
4,2596538023
4,2596546215
4,2596949095
4,2597065911
4,2597070007
4,2597070503
4,2617905861
4,2617905863
4,2620003015
4,2621572071
4,2621576167
4,2621580263
4,2621584359
4,2622096359
4,2622100167
4,2622104551
4,2625778663
4,2626294471
4,2627871431
4,2629960647
4,2629962071
4,2629964743
4,2629966167
4,2629968839
4,2629972935
4,2630226663
4,2630484967
4,2630490455
4,2630492647
4,2630493095
4,2630493127
4,2630493159
4,2685815385
4,2685815389
4,2687839318
4,2687912537
4,2687912541
4,2690192700
4,2694191709
4,2694192230
4,2694257766
4,2694589493
4,2694589525
4,2696288861
4,2702445116
4,2702449212
4,2702453308
4,2702461500
4,2702510652
4,2702514748
4,2702518844
4,2702527036
4,2702580837
4,2702583497
4,2702592601
4,2702969909
4,2702986293
4,2704092246
4,2704616534
4,2704689753
4,2705460315
4,2705464411
4,2705466714
4,2705476699
4,2705529946
4,2705590634
4,2705590635
4,2705590651
4,2705594730
4,2705594731
4,2705594747
4,2705598826
4,2705598827
4,2705598843
4,2705607018
4,2705607019
4,2705607035
4,2705869370
4,2705916778
4,2705918262
4,2705924970
4,2705926454
4,2705933162
4,2705934646
4,2705984603
4,2705988699
4,2706000987
4,2706114204
4,2706114924
4,2706118341
4,2706118342
4,2706119020
4,2706119878
4,2706121669
4,2706122076
4,2706129772
4,2706129861
4,2706130588
4,2706130633
4,2706131259
4,2706131514
4,2706250835
4,2706263123
4,2707557467
4,2707561563
4,2707573851
4,2707627098
4,2708081755
4,2708085851
4,2708098139
4,2709986406
4,2710833495
4,2710837591
4,2710849879
4,2710906460
4,2710969446
4,2711357783
4,2711361879
4,2711374163
4,2711374901
4,2713864507
4,2714061878
4,2714115162
4,2714313578
4,2714321770
4,2714323254
4,2714324022
4,2719230549
4,2719369817
4,2719369821
4,2719763037
4,2721466969
4,2721466973
4,2721860189
4,2727615069
4,2727680566
4,2727746141
4,2727750742
4,2728138329
4,2728151641
4,2729712221
4,2729843293
4,2730689902
4,2730706282
4,2730706286
4,2739684045
4,2744402525
4,2752924249
4,2752924253
4,2753299308
4,2753299309
4,2753299325
4,2753303404
4,2753303405
4,2753303421
4,2753307500
4,2753307501
4,2753307517
4,2755021401
4,2755021405
4,2757511525
4,2761163629
4,2761167725
4,2761180013
4,2761235046
4,2761300573
4,2761687917
4,2761687933
4,2761692009
4,2761692012
4,2761692013
4,2761692029
4,2763397725
4,2768834922
4,2772699515
4,2772703611
4,2772707707
4,2772711803
4,2772715899
4,2772719995
4,2772724091
4,2777179003
4,2777180539
4,2777180795
4,2788444765
4,2788575837
4,2794723933
4,2794855005
4,2796821085
4,2819889770
4,2819889774
4,2820025431
4,2820033113
4,2820033117
4,2820086886
4,2822130265
4,2822130269
4,2824410428
4,2825198790
4,2827304574
4,2828409437
4,2828409958
4,2828807221
4,2828807253
4,2830506589
4,2835683438
4,2835694650
4,2836661399
4,2836665495
4,2836669591
4,2836677267
4,2836677273
4,2836677779
4,2836677783
4,2836732014
4,2836795847
4,2836797527
4,2836799943
4,2836801623
4,2836808135
4,2836808285
4,2836809815
4,2837201501
4,2839824531
4,2840335467
4,2840335483
4,2841775195
4,2841779291
4,2842303579
4,2844072046
4,2845055086
4,2845065821
4,2847941723
4,2848203867
4,2848466011
4,2848724091
4,2848728187
4,2853443690
4,2855557725
4,2855684701
4,2856077917
4,2857641117
4,2857641165
4,2861832797
4,2861963869
4,2863929949
4,2870219357
4,2870219469
4,2886992765
4,2886996861
4,2887000957
4,2887005053
4,2887267197
4,2887517053
4,2887520877
4,2887520893
4,2887521149
4,2887524717
4,2887524733
4,2887525245
4,2887529341
4,2891719037
4,2895381357
4,2895385453
4,2895905661
4,2895909501
4,2895909741
4,2895909757
4,2956274774
4,2958699605
4,2959285334
4,2962627686
4,2963024981
4,2966035558
4,2971016293
4,2971937365
4,2972461653
4,2973899110
4,2973964646
4,2974427475
4,2978355813
4,2978355814
4,2987666005
4,2990610790
4,3021744694
4,3021752886
4,3024750935
4,3024755027
4,3024755031
4,3024759123
4,3024759127
4,3024767315
4,3024767319
4,3032615255
4,3032619351
4,3032631639
4,3033143639
4,3033155927
4,3088325226
4,3088325228
4,3088325230
4,3091343765
4,3091343813
4,3224966748
4,3225032389
4,3225032393
4,3225032397
4,3230868844
4,3230868908
4,3231127206
4,3231393132
4,3231917510
4,3232441798
4,3239183818
4,3239187914
4,3239192010
4,3239200202
4,3239249354
4,3239253450
4,3239257546
4,3239265738
4,3239450275
4,3239453641
4,3239463529
4,3239708067
4,3239716259
4,3240502217
4,3240502219
4,3240756826
4,3240756827
4,3240760922
4,3240760923
4,3240773210
4,3240773211
4,3242329067
4,3242333163
4,3242337259
4,3242345411
4,3242599369
4,3242599371
4,3242853355
4,3242861515
4,3242861547
4,3243647945
4,3243657833
4,3244434379
4,3244696521
4,3244696523
4,3246528204
4,3246528206
4,3246793673
4,3246793675
4,3246801831
4,3246855846
4,3247571607
4,3247571863
4,3247573303
4,3247575959
4,3247576782
4,3247577399
4,3247580055
4,3247581495
4,3247589687
4,3247834023
4,3247835703
4,3247838119
4,3247838883
4,3247838922
4,3247839799
4,3247842215
4,3247843637
4,3247843673
4,3247843895
4,3247850387
4,3247852087
4,3248096107
4,3248100758
4,3248101686
4,3248104297
4,3248104299
4,3248104867
4,3248113974
4,3248621147
4,3248625243
4,3248637531
4,3248702918
4,3249145435
4,3249149530
4,3249149531
4,3249161670
4,3249161818
4,3249161819
4,3250987977
4,3250987979
4,3250996134
4,3251241963
4,3251250123
4,3251250155
4,3251259049
4,3251766123
4,3251770219
4,3251774315
4,3252298603
4,3255961244
4,3255961245
4,3255965340
4,3255965341
4,3255969436
4,3255969437
4,3255977628
4,3255977629
4,3256091565
4,3256091581
4,3256095661
4,3256095677
4,3256099757
4,3256099773
4,3256107836
4,3256161196
4,3256362444
4,3256419734
4,3256419932
4,3256427926
4,3256428124
4,3256436118
4,3256436316
4,3256485530
4,3256486250
4,3256489626
4,3256490595
4,3256490598
4,3256490662
4,3256493469
4,3256493516
4,3256493658
4,3256494442
4,3256494675
4,3256494697
4,3256501050
4,3256502867
4,3256615853
4,3256615869
4,3256619949
4,3256619965
4,3256624045
4,3256624061
4,3256751013
4,3256755109
4,3258058397
4,3258062493
4,3258066589
4,3258074013
4,3258074781
4,3258533468
4,3260355500
4,3260421036
4,3260434853
4,3260684899
4,3260684966
4,3260687673
4,3260687772
4,3260687773
4,3260695354
4,3260814252
4,3260826457
4,3264480173
4,3264484269
4,3264816534
4,3264824726
4,3264824924
4,3264877477
4,3264878137
4,3264882266
4,3264883283
4,3264891475
4,3265004461
4,3265004477
4,3265008557
4,3265008573
4,3265021353
4,3271967142
4,3272218730
4,3284288171
4,3290121126
4,3305513417
4,3305513419
4,3307610571
4,3309437931
4,3309442027
4,3309446123
4,3309450219
4,3309707723
4,3309962219
4,3309970411
4,3311542987
4,3311543243
4,3311805387
4,3313644523
4,3313902027
4,3317838795
4,3318092523
4,3318096843
4,3318350827
4,3318358507
4,3318358987
4,3318359019
4,3323200445
4,3323204541
4,3323208637
4,3323212733
4,3323474877
4,3323724733
4,3323728557
4,3323728573
4,3323728829
4,3323732397
4,3323732413
4,3323732925
4,3323737021
4,3327926717
4,3331589037
4,3331593133
4,3332113341
4,3332117181
4,3332117421
4,3332117437
4,3356956326
4,3359184476
4,3359250117
4,3359250121
4,3359250125
4,3364050926
4,3365086572
4,3365086636
4,3366135238
4,3372618187
4,3372618918
4,3372892579
4,3373400727
4,3373404823
4,3373408917
4,3373408919
4,3373929111
4,3374459029
4,3374715339
4,3376556181
4,3376812491
4,3378647755
4,3378648011
4,3378910155
4,3381006795
4,3382838875
4,3382842971
4,3383367259
4,3384939211
4,3384939467
4,3385201611
4,3390117994
4,3390181738
4,3390314602
4,3439727051
4,3493467845
4,3496613315
4,3507885731
4,3509200326
4,3509208518
4,3510780867
4,3514963658
4,3514963660
4,3514963662
4,3516012238
4,3524531862
4,3524597398
4,3525067669
4,3526099863
4,3526103957
4,3526103959
4,3526108053
4,3526108055
4,3526116245
4,3526116247
4,3527480982
4,3531884947
4,3531885203
4,3557966787
4,3558491075
4,3625326275
4,3625326278
4,3767739756
4,3767871036
4,3777110875
4,3777111387
4,3777242458
4,3777242459
4,3777373530
4,3777373531
4,3777766746
4,3777766747
4,3779208538
4,3779610938
4,3779611194
4,3779873082
4,3779873338
4,3783542075
4,3784065851
4,3784066363
4,3792978748
4,3793233308
4,3793233356
4,3793364380
4,3793364428
4,3826402108
4,3826402109
4,3826533181
4,3826533213
4,3826664252
4,3826664253
4,3826926396
4,3826926397
4,3834790717
4,3834921789
4,3834921821
4,3835052861
4,3835315005
4,3893503293
4,3894027581
4,3894027613
4,3897697597
4,3897697629
4,3898221885
4,3898221917
