4,57164443
4,57426579
4,63258938
4,126239379
4,126239387
4,442763351
4,442767447
4,442779735
4,451156055
4,451168343
4,594035355
4,623649113
4,663110299
4,739780765
4,743975069
4,743975325
4,768092251
4,773335197
4,777529501
4,940935734
4,940936246
4,979638359
4,979650647
4,1094321093
4,1101547931
4,1101547979
4,1105742235
4,1116293822
4,1116930924
4,1125729338
4,1135102363
4,1139296667
4,1199981211
4,1367573926
4,1367573958
4,1638418843
4,1642613147
4,1647871581
4,1671971227
4,1671973019
4,1671973275
4,1676167579
4,1736589979
4,1813522589
4,1817716893
4,1817717149
4,1847077021
4,2957650259
4,2957650263
4,2991204691
4,2991204695
4,3088325686
4,3091344467
4,3091344471
4,3091867987
4,3091867991
4,3390325341
4,3398713949
4,3514963366
4,3528213397
4,3528213399
4,3531883429
4,3531883431
4,3531883447
4,3532407701
4,3532407703
4,3536077719
4,3536602007
4,3779609449
4,3779609451
4,3779609467
4,3779871594
4,3793233497
4,3793233501
4,3793364572
