4,57164443
4,57166491
4,57222556
4,57224348
4,57264586
4,57321930
4,57387466
4,57395658
4,57426579
4,57426587
4,59064634
4,60136092
4,61150922
4,61152458
4,61196956
4,61283530
4,63258938
4,92684889
4,94782107
4,94784147
4,94784153
4,94784155
4,94804426
4,96913866
4,106441165
4,106514746
4,106514858
4,106539676
4,106744476
4,106801820
4,106810012
4,108536141
4,108536269
4,108538317
4,108667341
4,124273307
4,124535451
4,126173498
4,126239379
4,126239387
4,137762506
4,137765833
4,137771461
4,137771465
4,137771469
4,137828042
4,139662252
4,139666844
4,139672172
4,139672236
4,139926124
4,139934380
4,141960221
4,141960349
4,141961677
4,156473802
4,171354780
4,175514781
4,204876229
4,204876233
4,204876237
4,204905116
4,206772844
4,206772908
4,206809546
4,207035052
4,292166746
4,309036486
4,309045702
4,309052870
4,309053894
4,310713434
4,310728348
4,310728364
4,310728390
4,310729388
4,310729926
4,310843052
4,310843078
4,310859462
4,310860460
4,310860998
4,310875820
4,310875846
4,310876870
4,311274550
4,311760540
4,311776924
4,311776940
4,311777964
4,311793308
4,311793324
4,311794332
4,311794348
4,311909036
4,311925420
4,312825500
4,312825542
4,312827078
4,312842908
4,312842950
4,312855196
4,312874693
4,312874694
4,312875717
4,312891077
4,312891078
4,312892101
4,312907461
4,312907462
4,312908485
4,312908486
4,312940230
4,312956614
4,312958150
4,312972998
4,316933527
4,316937623
4,316949911
4,316954007
4,316966295
4,316970391
4,317216151
4,317457815
4,317461655
4,317461911
4,317474199
4,317478295
4,325658012
4,325659804
4,325721178
4,327500090
4,328571548
4,329521223
4,329620124
4,329632412
4,330045020
4,330048860
4,330061404
4,330065244
4,344398444
4,344414892
4,344431212
4,345447020
4,345463468
4,345479852
4,345479884
4,346433607
4,346462924
4,346528460
4,350357591
4,350357847
4,350361687
4,350361943
4,350373975
4,350374231
4,350378327
4,350390359
4,350390615
4,350394711
4,350771543
4,350882135
4,350885975
4,350886231
4,350898263
4,350898519
4,350902615
4,361109610
4,365320595
4,365349267
4,374950202
4,374950314
4,375133100
4,377653302
4,377653303
4,377764535
4,377766839
4,377770935
4,377783223
4,377787319
4,378279990
4,378279991
4,378280102
4,378280103
4,378280119
4,378284229
4,381698695
4,381698727
4,381813671
4,381814839
4,381815095
4,381817479
4,381817511
4,381817767
4,381818935
4,381819191
4,381821351
4,381821863
4,381825959
4,381829767
4,381829799
4,381847607
4,381847863
4,381851959
4,381960839
4,381960871
4,382079655
4,382084041
4,382091943
4,382126483
4,382222983
4,382223015
4,382343223
4,382345639
4,382346149
4,382485159
4,394412435
4,394412691
4,394414227
4,405214922
4,405224650
4,405247690
4,406132316
4,406197962
4,406197964
4,406206869
4,406207689
4,406230732
4,406263498
4,407049132
4,407058794
4,407059046
4,407059110
4,407059562
4,407059658
4,407312998
4,407313514
4,407321190
4,407321254
4,407321802
4,407345766
4,407345862
4,407346282
4,407618982
4,408097708
4,408098220
4,408102300
4,408130988
4,409086039
4,409086295
4,409087063
4,409090391
4,409091159
4,409097671
4,409098695
4,409099463
4,409110615
4,409110871
4,409111639
4,409114967
4,409115735
4,409230423
4,409230487
4,409230535
4,409240983
4,409241031
4,409245079
4,409245127
4,409283676
4,409316444
4,409361606
4,409361607
4,409483607
4,409605574
4,409607366
4,409610327
4,409610583
4,409619033
4,409619097
4,409621958
4,409623750
4,409732315
4,409732555
4,409732571
4,409736395
4,409736411
4,409736651
4,409736667
4,409748165
4,413472348
4,413506204
4,413506252
4,413537996
4,413570764
4,413571788
4,413931209
4,413942473
4,413942729
4,413943497
4,413946825
4,413947593
4,417486279
4,417487303
4,417488071
4,417499223
4,417499479
4,417500247
4,417503575
4,417619031
4,417619095
4,417619143
4,417629591
4,417629639
4,417633687
4,424909258
4,439761301
4,439789973
4,442509383
4,442640455
4,442762647
4,442763351
4,442764375
4,442766743
4,442767431
4,442767447
4,442768471
4,442771527
4,442779735
4,442780759
4,442784855
4,442795415
4,442799511
4,442911321
4,442935701
4,443033671
4,443290775
4,443304023
4,443305043
4,447482967
4,447499347
4,447499351
4,451151255
4,451155351
4,451156055
4,451168343
4,451184023
4,451188119
4,475140743
4,475240906
4,475245002
4,475665258
4,475673450
4,475677498
4,475685690
4,478550122
4,482480839
4,483001255
4,483008935
4,483009445
4,483009447
4,506204823
4,507643959
4,507648055
4,507652151
4,507676727
4,508172343
4,508176439
4,511871030
4,511871031
4,511982263
4,512000951
4,512497719
4,512497831
4,516035239
4,516036663
4,516039079
4,516065335
4,558442860
4,558459244
4,558475612
4,558475628
4,558475722
4,558483914
4,558573002
4,558573932
4,558589386
4,558590316
4,558605676
4,558605770
4,558606794
4,558614986
4,558745146
4,559490396
4,559490412
4,559491436
4,559506780
4,559506796
4,559507820
4,559523164
4,559523180
4,559524188
4,559524204
4,559621484
4,559622508
4,559637868
4,559638892
4,560475294
4,560555356
4,560555466
4,560557148
4,560572764
4,560572874
4,560581066
4,560604618
4,560621001
4,560621002
4,560622025
4,560637385
4,560637386
4,560638409
4,560638410
4,560670154
4,560702922
4,560703946
4,560712138
4,564598474
4,564600010
4,564614858
4,564616394
4,564632778
4,568625499
4,568629595
4,568890715
4,568891739
4,569147739
4,569149787
4,569153883
4,580201622
4,591996982
4,592005174
4,594029723
4,594035355
4,594037403
4,594062491
4,594127306
4,594135498
4,594192842
4,594258378
4,594266570
4,594297499
4,596978838
4,598021834
4,598023370
4,600381126
4,600384966
4,600397510
4,600401350
4,605923926
4,605932086
4,609855948
4,611852749
4,611854797
4,611887565
4,611983821
4,611985869
4,612866758
4,612866766
4,613247548
4,613247550
4,613915340
4,614963916
4,621576539
4,622364755
4,622598227
4,622600537
4,622602323
4,622626899
4,623649113
4,623649115
4,623673691
4,625490299
4,625492859
4,625501051
4,625509243
4,625517435
4,625770843
4,626791340
4,626838074
4,627843419
4,627867995
4,629555801
4,629965147
4,630985577
4,631653019
4,631655059
4,631655065
4,631655067
4,633742281
4,633743467
4,633874523
4,633874779
4,633878875
4,633897563
4,633897819
4,634003819
4,634005611
4,634136667
4,634159451
4,634159707
4,634159963
4,635734363
4,635738459
4,643311773
4,643312029
4,643312077
4,643344797
4,643573917
4,643590714
4,643615290
4,645407181
4,645408925
4,645409229
4,655900986
4,655901242
4,655902778
4,663110299
4,665076379
4,672472150
4,672480342
4,672491100
4,672492636
4,672508502
4,672509014
4,672634540
4,673015388
4,673016380
4,673016892
4,673016924
4,673032790
4,673033270
4,674511197
4,674511517
4,674512029
4,674633418
4,674636745
4,674637513
4,674637517
4,674670281
4,674670285
4,675494502
4,675494506
4,675494508
4,675494510
4,675495078
4,675495084
4,675495086
4,675638358
4,675638362
4,675638364
4,675638366
4,675638398
4,675645018
4,675645020
4,675645022
4,675645054
4,675653210
4,675653212
4,675653214
4,675653246
4,675746982
4,675746990
4,675748454
4,675748458
4,675748460
4,675748462
4,675749030
4,675749038
4,675756646
4,675756650
4,675756652
4,675756654
4,675757228
4,675781222
4,675781226
4,675781228
4,675781230
4,675781798
4,675781806
4,675916230
4,675916234
4,675916236
4,675916238
4,675924326
4,675924330
4,675924334
4,676013514
4,676013518
4,676046278
4,676046282
4,676046284
4,676046286
4,676047302
4,676047306
4,676047308
4,676047310
4,676054378
4,676054382
4,676055398
4,676162614
4,676162618
4,676162620
4,676162622
4,676162646
4,676162650
4,676162652
4,676162654
4,676162686
4,676169276
4,676169278
4,676169306
4,676169308
4,676169310
4,676169342
4,676177468
4,676177470
4,676177498
4,676537756
4,676537804
4,676543082
4,676543660
4,676570572
4,676686940
4,676805804
4,676931020
4,676963788
4,676964812
4,677062092
4,677586374
4,677715142
4,677747910
4,677979590
4,678013386
4,678013388
4,678110662
4,678110666
4,678143434
4,678143436
4,678144458
4,678144460
4,678700189
4,678701405
4,678705501
4,678734173
4,678831261
4,680863324
4,680864860
4,680872358
4,680872362
4,680879708
4,680881244
4,681387612
4,681389148
4,681403996
4,681405532
4,682935901
4,684000446
4,684000958
4,684008638
4,684009118
4,684009150
4,684015980
4,684262830
4,684271020
4,684271022
4,684278188
4,684278190
4,684278700
4,684278702
4,684279212
4,684279214
4,684286892
4,684286894
4,684287404
4,684287406
4,693320298
4,693344874
4,693455270
4,693475946
4,694952283
4,694976859
4,700795958
4,701058102
4,708061853
4,708065949
4,708066461
4,708094621
4,708095133
4,708225692
4,712254621
4,739387485
4,739780765
4,740041068
4,740042909
4,741610141
4,741612189
4,741615965
4,741616285
4,741620061
4,741644957
4,741648733
4,741649053
4,741776028
4,741780124
4,741876125
4,741877917
4,741878173
4,741878429
4,741910941
4,741911197
4,743713085
4,743713117
4,743717181
4,743717213
4,743745853
4,743745885
4,743975069
4,743975325
4,744008093
4,744237213
4,745810269
4,745814365
4,746072221
4,747903127
4,748037013
4,748041109
4,748045203
4,748049299
4,748161447
4,748165543
4,748169639
4,748173735
4,748426089
4,755794267
4,756582483
4,757866843
4,757891419
4,759708027
4,759726971
4,759988571
4,764182875
4,767830123
4,768092251
4,768092267
4,768115291
4,773335197
4,773597341
4,775164573
4,775430557
4,775432349
4,777529501
4,811148636
4,816191174
4,816256710
4,827925852
4,829037658
4,847584346
4,847596090
4,847713990
4,848637078
4,849745606
4,874326582
4,874334774
4,874351158
4,887228759
4,887232855
4,887245143
4,887261527
4,887757143
4,887769431
4,915150903
4,940907062
4,940907574
4,940907606
4,940935734
4,940936246
4,941460022
4,941460534
4,943068874
4,943068876
4,944973212
4,944973260
4,945366476
4,945957207
4,945957975
4,945981783
4,945982551
4,946481491
4,946481495
4,946506067
4,946506835
4,949295670
4,949324342
4,949324854
4,950408908
4,954370391
4,954371159
4,956635190
4,956663862
4,979380295
4,979635287
4,979638359
4,979639383
4,979650647
4,979651671
4,979655767
4,983829591
4,983832663
4,983833687
4,983836759
4,983844951
4,983845975
4,983850071
4,1017391191
4,1077576541
4,1083934118
4,1085965149
4,1093379526
4,1093387206
4,1094321093
4,1094325189
4,1094327386
4,1094337369
4,1094337477
4,1094341465
4,1094353861
4,1094362572
4,1094370245
4,1097426268
4,1097426380
4,1097491916
4,1097508300
4,1097607365
4,1097607621
4,1097611717
4,1097640389
4,1099109286
4,1099125670
4,1099129706
4,1099129770
4,1099154342
4,1099154374
4,1099406442
4,1099653994
4,1099654058
4,1099654570
4,1099654602
4,1099678662
4,1099679142
4,1100191084
4,1100711334
4,1101142475
4,1101152923
4,1101153179
4,1101153435
4,1101153691
4,1101154763
4,1101157275
4,1101157787
4,1101158859
4,1101175243
4,1101185947
4,1101186459
4,1101187531
4,1101284251
4,1101288347
4,1101415067
4,1101437386
4,1101449674
4,1101547931
4,1101547979
4,1101567323
4,1101567435
4,1101580635
4,1101580699
4,1101580747
4,1101629084
4,1101645468
4,1101679051
4,1101711818
4,1101711819
4,1101801673
4,1101824455
4,1101824471
4,1105336779
4,1105347739
4,1105347995
4,1105349067
4,1105352091
4,1105353163
4,1105369547
4,1105381835
4,1105742235
4,1105742283
4,1105761627
4,1105774939
4,1105775003
4,1105775051
4,1108952730
4,1108960922
4,1108978332
4,1108984730
4,1108985498
4,1108986524
4,1109108076
4,1109214874
4,1109215804
4,1109223066
4,1109223996
4,1109240476
4,1109247546
4,1109248572
4,1109248668
4,1110975325
4,1110987677
4,1110991709
4,1110999901
4,1111016285
4,1111130973
4,1111140037
4,1111140045
4,1113172636
4,1113180828
4,1113434780
4,1113442972
4,1115204765
4,1115906982
4,1115906986
4,1115906988
4,1115906990
4,1115915114
4,1115915116
4,1115915118
4,1115931498
4,1115931500
4,1115931502
4,1116034758
4,1116034762
4,1116034764
4,1116034766
4,1116036262
4,1116036266
4,1116036270
4,1116149446
4,1116149450
4,1116149452
4,1116149454
4,1116150950
4,1116150958
4,1116165830
4,1116165834
4,1116165836
4,1116165838
4,1116167338
4,1116182214
4,1116182218
4,1116182220
4,1116182222
4,1116183718
4,1116183726
4,1116293822
4,1116317334
4,1116317340
4,1116317342
4,1116317374
4,1116326550
4,1116326554
4,1116326556
4,1116326558
4,1116326590
4,1116431270
4,1116431274
4,1116431276
4,1116431278
4,1116431782
4,1116431786
4,1116431788
4,1116431790
4,1116438890
4,1116438894
4,1116439402
4,1116439404
4,1116439406
4,1116439914
4,1116439918
4,1116455788
4,1116456298
4,1116456302
4,1116555836
4,1116555838
4,1116555966
4,1116579388
4,1116579390
4,1116579478
4,1116588598
4,1116588602
4,1116588604
4,1116588606
4,1116588694
4,1116588698
4,1116588700
4,1116588702
4,1116588734
4,1116930924
4,1116939116
4,1116941462
4,1116947308
4,1116947366
4,1116955558
4,1116963692
4,1116968652
4,1116980076
4,1117083340
4,1117099724
4,1117375132
4,1117463404
4,1117463974
4,1117471596
4,1117471654
4,1117487980
4,1117504364
4,1118131910
4,1118131916
4,1118246598
4,1118246604
4,1118262982
4,1118262988
4,1118279366
4,1118279372
4,1118406090
4,1118422474
4,1119376285
4,1119377053
4,1119388253
4,1119388509
4,1119389277
4,1119519325
4,1119519581
4,1120213100
4,1120213102
4,1120213612
4,1120213614
4,1120221804
4,1120221806
4,1120246380
4,1120246382
4,1120475308
4,1120502398
4,1125728570
4,1125729338
4,1127881818
4,1127917004
4,1130906267
4,1130908059
4,1130908315
4,1130940827
4,1131046348
4,1131062732
4,1131168411
4,1132806458
4,1133718678
4,1133745868
4,1133860556
4,1133876940
4,1134707355
4,1134707611
4,1134707867
4,1134708123
4,1134711707
4,1134712219
4,1134740379
4,1134740891
4,1134969499
4,1135102363
4,1135135131
4,1138902171
4,1138902427
4,1138906523
4,1139296667
4,1144669017
4,1144669021
4,1144673113
4,1144673117
4,1144673221
4,1150501798
4,1150509932
4,1150509990
4,1166164569
4,1166426713
4,1166428907
4,1166461675
4,1168251339
4,1168261787
4,1168262043
4,1168263627
4,1168266139
4,1168284107
4,1168294811
4,1168296395
4,1168546250
4,1168558538
4,1168656795
4,1168656843
4,1168689563
4,1168689611
4,1170360779
4,1170364843
4,1170364875
4,1170393515
4,1170393547
4,1170655690
4,1172445643
4,1172457931
4,1172478411
4,1172490699
4,1172851099
4,1172851147
4,1172883867
4,1172883915
4,1175994790
4,1175994798
4,1176125866
4,1176126107
4,1180182989
4,1180191149
4,1180223917
4,1180281500
4,1180289692
4,1180486300
4,1180543644
4,1180551836
4,1182278093
4,1192771898
4,1192772006
4,1198015131
4,1199719001
4,1199719059
4,1199719067
4,1199981211
4,1201816219
4,1210555078
4,1210555086
4,1210803658
4,1210803662
4,1211513285
4,1211513289
4,1211513293
4,1211782085
4,1211782089
4,1211782093
4,1211794269
4,1213413996
4,1213414060
4,1213667948
4,1213676204
4,1215702173
4,1215703501
4,1217618796
4,1217618860
4,1218143084
4,1218151846
4,1220182621
4,1220182877
4,1228543577
4,1230195110
4,1235626325
4,1235630421
4,1235634515
4,1235638611
4,1235750039
4,1235754135
4,1235766423
4,1235770519
4,1235883609
4,1245071961
4,1245201309
4,1245205405
4,1245217629
4,1245348701
4,1247353446
4,1247361638
4,1247365686
4,1247373878
4,1250105450
4,1250495614
4,1250503806
4,1250510910
4,1250510974
4,1250511998
4,1250520190
4,1251157414
4,1251550630
4,1253589661
4,1253589917
4,1253594013
4,1253605981
4,1253606237
4,1253737309
4,1278618053
4,1278618057
4,1278618061
4,1278902941
4,1280514668
4,1280514732
4,1282550221
4,1304568171
4,1309835933
4,1310360221
4,1311933085
4,1351816614
4,1351816646
4,1351845286
4,1351845318
4,1352369574
4,1352369606
4,1361782214
4,1361790406
4,1361806790
4,1367544742
4,1367545254
4,1367545286
4,1367573926
4,1367573958
4,1368098214
4,1368098246
4,1368593830
4,1368593862
4,1368622502
4,1368622534
4,1385375142
4,1385376918
4,1385382822
4,1385383334
4,1385768358
4,1385776550
4,1393115450
4,1393116218
4,1418937254
4,1444423829
4,1444423837
4,1444430246
4,1451508663
4,1451512759
4,1451525047
4,1451529143
4,1455440519
4,1455440551
4,1455555495
4,1455559335
4,1455559591
4,1455563175
4,1455563687
4,1455567783
4,1455571623
4,1455702695
4,1455964839
4,1480790956
4,1480795596
4,1481054822
4,1486034374
4,1486063014
4,1486063046
4,1543903334
4,1556218791
4,1556222631
4,1556222663
4,1556222887
4,1556226471
4,1556226983
4,1556231079
4,1585742775
4,1614423641
4,1614423644
4,1614423645
4,1614447453
4,1614448217
4,1614448220
4,1614448221
4,1622836061
4,1631196761
4,1631198298
4,1631208281
4,1631209049
4,1638418843
4,1638536793
4,1638549081
4,1642613147
4,1647846237
4,1647847005
4,1647870813
4,1647871581
4,1647978073
4,1647978076
4,1647978077
4,1648001885
4,1648002649
4,1648002652
4,1648002653
4,1652762062
4,1652894870
4,1656259421
4,1656260189
4,1656390493
4,1667776923
4,1667777179
4,1667778715
4,1667778971
4,1667779227
4,1667811739
4,1671447179
4,1671971227
4,1671973019
4,1671973275
4,1672006043
4,1676167579
4,1681539929
4,1681539933
4,1695301993
4,1695301994
4,1695301995
4,1695318363
4,1695318378
4,1695318379
4,1697390939
4,1697415515
4,1699234683
4,1699242875
4,1699251067
4,1699259259
4,1699496299
4,1699512667
4,1699512683
4,1703024746
4,1703035481
4,1703706971
4,1703706987
4,1705001611
4,1707639387
4,1707639403
4,1707639643
4,1707639659
4,1707901787
4,1707901803
4,1717053597
4,1717053853
4,1717053901
4,1717086621
4,1736589979
4,1748641372
4,1748665181
4,1748665945
4,1748665948
4,1748665949
4,1749240230
4,1749371454
4,1749371582
4,1752443229
4,1757053789
4,1782088541
4,1782089309
4,1782219613
4,1782220381
4,1790477149
4,1813522589
4,1813784733
4,1815095373
4,1815619741
4,1817192525
4,1817716893
4,1817717149
4,1817749917
4,1829536091
4,1833468795
4,1847077021
4,2169185708
4,2169186668
4,2169202092
4,2169203052
4,2170234220
4,2170234316
4,2170235244
4,2170250604
4,2170250700
4,2170251628
4,2171224715
4,2171233740
4,2171299276
4,2179088795
4,2179089563
4,2179089819
4,2179090587
4,2179090843
4,2179093915
4,2179094939
4,2179221915
4,2179226011
4,2179350939
4,2179352731
4,2179352987
4,2179357083
4,2182956698
4,2182958138
4,2182964890
4,2182966330
4,2185962954
4,2185962958
4,2185979338
4,2185979342
4,2186103356
4,2186103358
4,2186111548
4,2186111550
4,2187011532
4,2187027916
4,2188076492
4,2190825164
4,2191346746
4,2192839373
4,2192840397
4,2192841421
4,2192856781
4,2192970445
4,2192972493
4,2203805132
4,2203937338
4,2204648075
4,2204648091
4,2204722636
4,2204788172
4,2204853708
4,2204910235
4,2206548282
4,2207602380
4,2208650956
4,2212643227
4,2212643995
4,2212644251
4,2212645019
4,2212645275
4,2212648347
4,2212649371
4,2212776347
4,2212780443
4,2212907419
4,2212911515
4,2242265499
4,2242267291
4,2242267547
4,2242271635
4,2242271643
4,2244106651
4,2244350571
4,2244368787
4,2244368795
4,2253924429
4,2254006842
4,2254203450
4,2254268986
4,2271756955
4,2285255061
4,2285255069
4,2285255113
4,2287155818
4,2287155884
4,2303933034
4,2318678429
4,2318809493
4,2318809501
4,2327057101
4,2327058125
4,2352359837
4,2352363925
4,2352363933
4,2354264682
4,2378306155
4,2383554717
4,2383816861
4,2387749021
4,2420779347
4,2420779349
4,2420779351
4,2421824598
4,2422871494
4,2422876499
4,2422876501
4,2422876503
4,2422877271
4,2429164742
4,2437024083
4,2437028179
4,2437032275
4,2437032293
4,2437040467
4,2437040550
4,2437106086
4,2437547430
4,2437548371
4,2437552467
4,2437555622
4,2437556565
4,2437556581
4,2437563814
4,2437564755
4,2437564838
4,2437630374
4,2439649619
4,2445941075
4,2445941843
4,2445952422
4,2445953363
4,2450785173
4,2450789269
4,2450793365
4,2450795670
4,2450801557
4,2450802323
4,2450861206
4,2451309461
4,2451311670
4,2451313557
4,2451317653
4,2451319862
4,2451319958
4,2451325843
4,2451326611
4,2451328054
4,2451385494
4,2452358037
4,2452358039
4,2452362133
4,2452362135
4,2452366229
4,2452366231
4,2452374419
4,2452374421
4,2452374423
4,2454333779
4,2454333781
4,2454333783
4,2454341283
4,2454465637
4,2454471571
4,2454471573
4,2454471575
4,2455520147
4,2456430931
4,2456430933
4,2456430935
4,2456431703
4,2458141587
4,2458141589
4,2458141591
4,2458141623
4,2458665875
4,2458665877
4,2458665879
4,2459249814
4,2459702165
4,2459708470
4,2459708566
4,2459716662
4,2462335895
4,2462860179
4,2462860181
4,2462860183
4,2487880019
4,2487880023
4,2487884115
4,2487884119
4,2487888211
4,2487888213
4,2487888215
4,2487896403
4,2487896407
4,2489977175
4,2489981267
4,2489981271
4,2489993555
4,2489993559
4,2495744343
4,2495748439
4,2495760727
4,2496268631
4,2496272723
4,2496272727
4,2496285011
4,2496285015
4,2517375030
4,2517385639
4,2519470743
4,2521579943
4,2525763751
4,2529182343
4,2529182375
4,2529301159
4,2529313447
4,2529444519
4,2529706663
4,2554472787
4,2554472789
4,2554472791
4,2554997075
4,2554997077
4,2554997079
4,2556042326
4,2556569943
4,2556570711
4,2557089222
4,2557091014
4,2557094227
4,2557094229
4,2563382470
4,2584482967
4,2584482982
4,2584482983
4,2584484005
4,2584484006
4,2584484007
4,2586579607
4,2586580119
4,2588027029
4,2588033446
4,2588677271
4,2588677287
4,2589993031
4,2592356023
4,2592357047
4,2592871575
4,2592871591
4,2592872615
4,2596545687
4,2596545703
4,2629964487
4,2651592871
4,2694126134
4,2694126182
4,2694129244
4,2694196310
4,2694589532
4,2694653532
4,2694655068
4,2705458026
4,2705458027
4,2705462122
4,2705462123
4,2705464410
4,2705466218
4,2705466219
4,2705474410
4,2705474411
4,2705474874
4,2705474875
4,2705598811
4,2705867578
4,2705867579
4,2705867626
4,2705867627
4,2705867643
4,2705982314
4,2705982315
4,2705988698
4,2705990506
4,2705990507
4,2705998698
4,2705998699
4,2706129722
4,2706129723
4,2706129770
4,2706129771
4,2706129787
4,2706197558
4,2708085850
4,2710903350
4,2710903398
4,2713846635
4,2713850731
4,2713854827
4,2713863483
4,2714125114
4,2714370923
4,2714377299
4,2714377306
4,2714379114
4,2714379115
4,2714389587
4,2714518330
4,2714518378
4,2719222326
4,2719226422
4,2719226469
4,2719230518
4,2719238710
4,2719238745
4,2719238749
4,2719287862
4,2719291958
4,2719296054
4,2719304246
4,2719746614
4,2719754806
4,2719755318
4,2719762998
4,2719820342
4,2719820854
4,2721335901
4,2727609949
4,2727614045
4,2727626333
4,2727627357
4,2727684662
4,2728134237
4,2728143414
4,2728143926
4,2728150617
4,2728150621
4,2728151606
4,2729724509
4,2739683643
4,2753301046
4,2753309238
4,2753317430
4,2753374774
4,2753382966
4,2761239094
4,2761247286
4,2761697846
4,2761706038
4,2769033323
4,2769043770
4,2771132763
4,2773238123
4,2777421931
4,2780833867
4,2780833899
4,2780955499
4,2780963179
4,2780963691
4,2780964971
4,2781096043
4,2781358187
4,2819889718
4,2819889766
4,2819955254
4,2819955302
4,2819955798
4,2820020838
4,2820021350
4,2820025430
4,2828343862
4,2828343910
4,2828346972
4,2828348508
4,2828414038
4,2828807260
4,2836666474
4,2836677209
4,2836677213
4,2840081787
4,2840082811
4,2847942731
4,2847942763
4,2848064363
4,2848068203
4,2848068459
4,2848072043
4,2848072555
4,2848073835
4,2848076651
4,2848204907
4,2848467051
4,2848596843
4,2855553629
4,2861827677
4,2861831773
4,2861843037
4,2861844061
4,2861845085
4,2861848157
4,2862368349
4,2863942237
4,2889093789
4,2915051627
4,2957650259
4,2957650261
4,2957650263
4,2959747411
4,2959747413
4,2962561590
4,2962561638
4,2972003414
4,2972462166
4,2973894995
4,2973895763
4,2973899091
4,2973899859
4,2973903187
4,2973903205
4,2973903955
4,2973911379
4,2973912147
4,2974297141
4,2974427477
4,2974427493
4,2978290230
4,2978290278
4,2987657782
4,2987658294
4,2987661878
4,2987661925
4,2987662390
4,2987665974
4,2987666486
4,2987674166
4,2987674678
4,2987727414
4,2987727926
4,2987731510
4,2987732022
4,2987739702
4,2987740214
4,2991204691
4,2991204693
4,2991204695
4,2993170775
4,2995002467
4,2995002471
4,3088325174
4,3088325222
4,3088325686
4,3088390710
4,3088390758
4,3088391222
4,3088456294
4,3088456806
4,3091343699
4,3091343701
4,3091343703
4,3091344467
4,3091344471
4,3091867987
4,3091867989
4,3091867991
4,3093440855
4,3225036124
4,3230865094
4,3240756678
4,3240764870
4,3240773062
4,3240830406
4,3240838598
4,3242329542
4,3242333638
4,3242333891
4,3242337225
4,3242337227
4,3242337734
4,3242345926
4,3242395078
4,3242399174
4,3242403270
4,3242411462
4,3242853830
4,3242862022
4,3242870182
4,3242870214
4,3242935718
4,3242935750
4,3246527942
4,3246528198
4,3246592934
4,3246593478
4,3246593734
4,3246790310
4,3246790342
4,3246801830
4,3247642054
4,3247642310
4,3247838118
4,3247838886
4,3247838918
4,3247839798
4,3248113046
4,3250725835
4,3251258790
4,3251258822
4,3255976861
4,3256092252
4,3256092253
4,3256095660
4,3256096348
4,3256096349
4,3256100156
4,3256100157
4,3256100444
4,3256100445
4,3256108636
4,3256108637
4,3256362332
4,3256362333
4,3256362588
4,3256362589
4,3256493404
4,3256493405
4,3256493660
4,3256493661
4,3256559014
4,3256616540
4,3256616541
4,3256619948
4,3256624732
4,3256624733
4,3256632924
4,3256632925
4,3258189405
4,3258193501
4,3258197597
4,3258205789
4,3258459485
4,3258459741
4,3258590556
4,3258590812
4,3258590813
4,3260556637
4,3260564315
4,3260687193
4,3260687705
4,3260687708
4,3260687709
4,3260688723
4,3264480861
4,3264484957
4,3264497245
4,3264890458
4,3265005149
4,3265021529
4,3265021532
4,3265021533
4,3266578013
4,3266594397
4,3278389915
4,3292152665
4,3292152669
4,3297985446
4,3317834187
4,3317834699
4,3325567325
4,3359253852
4,3365082822
4,3372892586
4,3384935275
4,3384939115
4,3384939371
4,3384942955
4,3384943051
4,3384943467
4,3384943563
4,3384947563
4,3385467755
4,3390325341
4,3390849629
4,3392160397
4,3392407133
4,3392422493
4,3392423517
4,3398451853
4,3398698589
4,3398702685
4,3398713949
4,3398714973
4,3398719069
4,3399239261
4,3400812125
4,3499300262
4,3499300294
4,3499300550
4,3510764966
4,3510764998
4,3510769062
4,3510769094
4,3510769347
4,3510773158
4,3510773190
4,3510781350
4,3510781382
4,3510834598
4,3510834630
4,3510838694
4,3510838726
4,3510846886
4,3510846918
4,3514963366
4,3514963398
4,3514963654
4,3515028902
4,3515028934
4,3515029190
4,3515225766
4,3515225798
4,3524526997
4,3524527013
4,3524531093
4,3524531109
4,3524535189
4,3524535205
4,3524543381
4,3524543397
4,3524544147
4,3524806051
4,3525067667
4,3525068435
4,3528213395
4,3528213397
4,3528213399
4,3531883411
4,3531883413
4,3531883415
4,3531883429
4,3531883431
4,3531883447
4,3532407699
4,3532407701
4,3532407703
4,3536077719
4,3536602007
4,3558032294
4,3558491046
4,3625129414
4,3625129670
4,3628209829
4,3628209831
4,3636598439
4,3761907036
4,3761907289
4,3761907292
4,3761907293
4,3777241947
4,3777766235
4,3779199849
4,3779199850
4,3779199851
4,3779203945
4,3779203946
4,3779203947
4,3779208041
4,3779208042
4,3779208043
4,3779216233
4,3779216234
4,3779216235
4,3779216698
4,3779216699
4,3779609402
4,3779609403
4,3779609449
4,3779609450
4,3779609451
4,3779609467
4,3779871546
4,3779871547
4,3779871593
4,3779871594
4,3779871595
4,3783410491
4,3783411003
4,3783411257
4,3783541563
4,3783672635
4,3783935545
4,3787605307
4,3792963161
4,3792963164
4,3792963165
4,3792967257
4,3792967260
4,3792967261
4,3792971068
4,3792971069
4,3792971353
4,3792971356
4,3792971357
4,3792979545
4,3792979548
4,3792979549
4,3793233244
4,3793233245
4,3793233497
4,3793233500
4,3793233501
4,3793364316
4,3793364317
4,3793364569
4,3793364572
4,3793364573
4,3795060317
4,3795064413
4,3795068509
4,3795076701
4,3795330397
4,3795330653
4,3795461725
4,3797427549
4,3797558621
4,3826402141
4,3826926429
4,3834790749
4,3835315037
4,3893503325
4,3893634365
4,3893634397
4,3893634409
4,3893765469
4,3894158697
4,3895600477
