308557907
325331027
591730742
626272339
626276435
1130906387
1130906395
1130908435
1667777307
1667779347
316946515
363074183
634665043
1417834883
1451389315
1451389319
1988383379
1422029187
1455583619
1099678066
1099679026
1139295003
1139297043
406201157
941914135
941914645
975468567
943815026
676533092
407313458
946108439
979662871
760494163
673031476
673031956
950302743
983857175
417503043
954480663
954497043
954497047
988051479
752105555
1552052611
1585607043
1585607047
1556246915
2459452055
2459452311
2463646359
2463646615
3247064378
3264759443
3264759699
3533193879
3533194135
3376552771
3913423683
2820416828
2605197639
2605197655
2840078693
2840078709
2840078711
3108514119
3108514135
2873633111
3142068567
2592348773
2592348789
2592348791
2609126004
2562856643
2562856899
2563905474
