624179283
558454298
558444376
558460696
560541528
560591178
893935929
1108947308
1108952056
1108959736
1379411740
1379413788
1981292981
310768276
310770196
312811398
312865428
565540376
363074199
632567891
1099112386
1099128706
1101157263
1385248404
1385248660
1635981250
1635983298
1669412306
1368113522
940811572
672471796
672479476
941073716
691335708
975469077
407105986
407107906
409090383
440660418
960584034
960584050
960592242
944973236
739514947
474097972
2014553396
2017548594
2017549106
941467412
474636675
474622260
497291927
747917880
747903555
2771662871
2771679251
2771679255
3308417415
2988197403
3513262427
3260572035
3260557620
2474908277
2445428146
2982299058
3246604666
3247589266
3246805560
3246791235
2585013556
2819958556
2836670836
2820089628
2555516867
2556565443
2557614018
