305354266
305358226
554915354
556885394
557012506
557016466
304371482
304379162
305415962
305420058
305423642
305427738
305428248
305428250
305423057
305416082
305455825
305481618
305519126
305526806
321137233
321141329
321153617
321157713
321186385
321190481
322200449
322204293
322200273
322185809
322189905
322201683
322202193
322206289
322233041
322234961
322239057
304510234
305558810
305559320
305616410
305620370
555048474
555056154
555177498
557147538
557145626
557153306
557274650
557278610
308444562
308510098
309548570
309552530
557926290
557930130
557930386
557938578
558978706
558059822
558057242
558061338
558057362
558061202
558061458
558069650
558092590
559101048
559109658
559109778
559117698
561079698
560158490
560200018
561206810
561210770
591468838
591485222
591517990
592519544
592535928
592568696
308565786
308573466
308575634
308607059
308627346
308637074
308641170
308664854
309610266
309614362
309617946
309622042
309622552
309622554
309606036
309610386
309617811
309608069
309623429
309638804
309671572
309675922
309704340
309713430
309721110
325352834
325382744
325418370
308704538
308706706
308772242
309753114
309753624
325549442
558200722
558314826
558322746
558319386
558323482
558319506
558323346
558323602
558331794
558316904
558332264
558347594
559363192
559371802
559371922
559379842
559380840
560281432
560285466
560289562
560297752
560291354
560326994
560331090
561341842
561339930
561347610
828766530
560420634
560462162
828897602
591753592
591756824
591786374
592805400
594902552
846592532
372396419
372404611
622023224
339130439
354865799
372531921
372564689
388241943
388246097
388250193
388258327
388262481
388266577
388295249
388299345
389309137
389298769
389311057
389315153
389341905
389343825
389347921
605295299
622072515
622082356
605508396
605541164
622213428
622229812
622229579
622261124
624169501
624177693
624194077
624171591
624187979
624210524
624226845
638917412
638933796
638966564
655626947
655626951
655643331
655632917
655637013
655628897
655628913
655628871
655649301
655653397
655645281
655645297
655648829
655652924
655652925
655682069
655686165
907287332
907295012
907303716
907311396
907336484
907369252
907376932
907402020
924064369
924080737
924080753
924088417
907533092
657732125
657748509
657734165
657750549
657781277
657783317
925112855
925129239
339878204
339882300
356655420
356659516
356657985
357706561
343028167
343040961
343045057
343073729
343077825
358755137
358771521
358804289
359818177
359822273
359820097
359850945
359855041
359852865
373436732
373436796
373453116
373455284
373486469
373500276
373516724
373520820
373535174
374503604
374534984
374569140
390209852
390213948
390209916
390214012
390226236
390230332
390230392
390211877
390207842
390211956
390228261
390224226
390224099
390232259
390256994
390277492
390289762
390312390
390328710
390322530
376598915
609466484
625168686
625201454
893528897
893532737
893545281
893549121
893578049
894593857
894597697
894626625
896723777
642900344
658577702
658594086
658626854
659644792
659677560
356788532
356854068
340140348
340144444
356917564
356921660
356915239
356919604
390342964
373698876
390476092
609489603
626266819
643053681
659830897
1091777004
1091793324
1093800647
1093818258
1093825938
1093826450
1093808845
1093821835
1093825930
1093825931
1093802567
1093810757
1093842520
1108420980
1108425060
1108425076
1125202276
1108550012
1108554108
1108571930
1108554220
1108563640
1108571800
1108552052
1108556132
1108556148
1108587910
1125331436
1125347756
1125349016
1125333348
1093088346
1093121114
1094088082
1094087309
1094121554
1125471016
1108812156
1108816252
1108817196
1108824636
1108825784
1108833944
1108814196
1108818276
1108818292
1108857404
1125593452
1125603112
1125611160
1125595492
1125611572
1110783006
1110815774
1126553474
1379152577
1379164881
1379168961
1379197649
1395942097
1395946177
1395974865
1645556766
1645573146
1645589534
1662350632
1097020626
1097053394
1097994951
1098004161
1098004417
1098015171
1098019267
1098016139
1098020234
1098020235
1097996871
1098005061
1098047939
1098052035
1365390546
1365406866
1365423314
1365456082
1365472402
1365488850
1366439617
1366439873
1366455937
1112766232
1112764904
1112799254
1129542120
1114715286
1114748054
1130489624
1131505432
1131538200
1130517377
1130525569
1130526593
1131574145
1131575169
1398945665
1631793452
1631801646
1631809836
1631834414
1632859192
1158752564
1158883636
1160909131
1160917323
1160933707
1160909511
1160917709
1160958794
1160966475
1192306996
1175658876
1175662972
1175671672
1175679352
1175663084
1175708564
1175712660
1192440300
1192456620
1192454452
1444147860
1194488717
1446130055
1697788235
1697804619
1697837387
1159014708
1697919517
1731490333
1731523101
1165111627
1701998923
1702031691
305878554
305882514
555439642
557332116
557405722
557409682
824731281
824731537
825779857
825780113
557536794
557540754
303899956
303900084
303902004
303902132
303932724
303932852
303934772
303942422
303950102
304895770
304903450
305940250
305944346
305947930
305952026
305952280
305952536
305952538
305940370
305945155
305946138
305983878
305983938
305985618
305985858
306005906
321664657
321681041
321661521
321665617
321677905
321682001
321674883
321682563
321713809
321710673
321714769
322744654
322761034
322761094
322761154
305034522
306083098
306083608
555572762
555580442
555587192
555602552
555603512
555701786
557586242
557586250
557594260
557586370
557598610
557588290
557588298
557588418
557600658
557604738
557639958
557667866
557671826
824992067
824992401
824992657
824993425
824993681
824994115
824995473
824995729
825008977
825010001
825017155
825024835
825012049
825019203
825026883
826021706
826021826
826042001
826021774
826023746
826023754
826023814
826023874
589125176
589127224
589157944
840772916
840803636
840805684
840821044
290145586
290145714
290147634
290147762
290178354
290169302
290185622
290178482
290180402
307857332
307874582
307882262
323592662
323608982
323587442
323723734
323740054
323718514
323733874
309971734
309979414
325680514
308968850
309034386
325811586
558450578
558454418
558454674
558462866
558456346
558487066
559494264
559494744
559502994
559496312
559496792
559501082
559504922
559508762
559535642
826887602
826909142
826925462
558584110
558581530
558585626
558581650
558585490
558585746
558593938
558601578
558616878
558616938
559625336
559633946
559634066
559641986
827016626
827018546
827018674
827049266
827049394
560502610
560504658
560520018
560551706
560549658
560592978
560593234
561521489
561522513
561521497
561522265
561522521
561526420
561523537
561524561
561524313
561524569
561524433
561554257
561555281
561555033
561555289
561557329
561600026
561603986
561598234
561605914
828909460
828909468
828913991
828913999
828914119
828911508
828949315
828951363
828951378
828955458
829028674
560633682
560635730
560651090
560658770
560682778
560724306
829159746
592015736
592018458
592018488
592018968
592032198
592048518
593067064
593063704
593067544
860463574
860479894
578315539
578315547
578317587
578317595
578348307
578348315
578333975
578349335
578350355
594077975
595126551
595160856
845735195
846750995
846751003
846753043
846753051
846783763
846783771
846850836
309090074
309097754
309073943
309082135
309074003
309090323
309098515
309098519
309099922
309131287
309151634
309161362
309165202
309165458
309189142
310134554
310138650
310142234
310146330
310146584
310146840
310146842
310125719
310134674
310125727
310145423
310139459
310140442
310154062
310161742
310162252
310179922
325870469
325874309
325874834
325875731
325871639
325871699
325877122
325907272
325906822
325907602
325942658
309228826
309230994
309296530
310277402
310277912
558725010
558839114
558847034
558843674
558847770
558843794
558847634
558847890
558856082
558841192
558856552
558871882
559905128
560743191
560743199
560743319
560732107
560745239
560745247
560733127
560771399
560771407
560782162
560809754
560813850
560851282
560855122
560855378
561780554
561791519
561792539
561788564
561780674
561791639
561792914
561780367
561780623
561788303
561788557
561788813
561788815
561791647
561799567
561800077
561781319
561785159
561782594
561793559
561794579
561781327
561785167
561782602
561793567
561794587
561782722
561794962
561799042
561815879
561819975
561816389
561815887
561819983
561816397
561834262
829178647
829178655
829179675
829171604
829167502
829167503
829175182
829175183
829175437
829175692
829175693
829175695
829167307
829167562
829167563
829168455
829180695
829168463
829180703
829181723
829168327
829168583
829173652
829211159
829211459
829195102
829205842
829213507
829213522
829217602
829214227
829290818
830216783
830218058
830229023
830230043
830218118
830218178
560913234
560920914
560944922
560986450
592277880
592310662
622449272
624476958
624485148
624478998
624487188
891839253
891839255
891839257
891839259
891839261
891839263
891839121
891872021
891872023
891872029
891872031
907639076
907795236
641263895
656958229
656958237
656960277
656960285
656990997
656991005
656984855
656992535
656993045
658041111
908649245
925393685
925393689
925393693
925426453
925426461
339654727
355390087
372111892
388778519
388786769
388819537
605819587
622596803
606032684
606065452
622784902
874398269
874398389
874406549
874398397
876378689
876411457
892092959
892125719
892109407
639458084
639490852
656151239
656167619
656153159
656157044
656173589
656169314
656206357
907828004
907835684
907860772
907926308
340402492
340406588
341457249
357179708
357183804
357184133
342618562
343548359
343565249
343598017
373961020
373961084
373977404
373952903
373953413
373961093
373961095
373961605
373977479
373979572
374010247
374024564
374041012
374045092
374045108
374059462
375009671
375010181
375026051
375021959
375022469
375028004
375023699
375027779
375027892
375059032
375060502
375060772
375093428
390738236
390734204
390738300
390750524
390754620
390754664
390754680
390738629
390754691
390738412
390736244
390744359
390744367
390756383
390763102
390779422
390779482
390787972
609755475
609755483
609755603
609757523
609788243
625500471
625500479
625500599
625500607
625533239
625533247
877175167
877191487
877191547
878190931
878190939
878196788
878204978
878223699
893935927
893923629
893940009
893935935
893940129
893936055
893936063
893921588
893921589
893921591
893921655
893921663
893968695
893952383
893968703
609990772
625692974
625703272
625725742
625733992
626717032
626751848
626782568
878330159
878332199
894050639
894046871
894046919
894059159
894046927
894059167
894052679
894091799
611852627
611852631
611852635
611852639
611885395
611885399
611885407
627702082
879272287
880288087
880288091
880288095
880320851
880320855
880320862
880320863
880339222
642269617
642269619
642277809
642269623
642277813
642269631
642277821
642294111
642294141
643318193
643318195
643326385
643318199
643318207
643342709
643361047
659046833
659046835
659055025
659071327
659071357
659089687
660103601
660107909
660138262
660138263
660138037
910705073
910705075
910713265
910705079
910713269
910705087
910713277
910784804
910817572
911753651
911753655
911753663
911755574
911755859
911755867
911796247
927482291
927490481
927490483
927494789
927478477
927494797
927494857
927484214
927496484
927514934
927527302
927524887
928573463
645458199
661186839
662235415
357312820
340664636
340668732
357445948
374223164
609032246
609032306
609048626
610013891
1092301292
1092317612
1092327272
1092334952
1092335432
1094301512
1093359498
1094324935
1094338450
1094326855
1094335045
1094432584
1361720001
1361720961
1361721025
1361736321
1361736385
1361721921
1361722945
1361738305
1361735043
1361749780
1361753620
1361769153
1361751363
1361766723
1108947436
1108945268
1108949348
1108949364
1108980076
1125733160
1125733224
1125734184
1125720572
1125724652
1125736892
1125733352
1125734312
1125726564
1125757292
1377381812
1377422102
1377429782
1109074300
1109078396
1109096218
1109079948
1109087928
1109096088
1109076340
1109080420
1109080436
1109112198
1125865256
1125873304
1125857636
1110975763
1110975767
1110992147
1110975771
1110975775
1110992155
1110975891
1110975895
1110975903
1110977811
1110977815
1110994195
1110977823
1110994203
1111008531
1111008535
1111024915
1111008543
1111024923
1111062168
1126712087
1126720277
1126712095
1126720285
1126712215
1126712223
1126714135
1126722325
1126714143
1126722333
1126744855
1126753045
1126744863
1126753053
1126782858
1127754903
1127839384
1378395423
1378395933
1378403103
1378411293
1378404123
1378411803
1378412313
1378432390
1378448770
1378480518
1378481028
1378481538
1379411219
1379411223
1379427603
1379411227
1379411231
1379423770
1379427610
1379427611
1379431451
1379411347
1379411350
1379411351
1379420050
1379420051
1379411358
1379411359
1379419039
1379420058
1379420059
1379431578
1379431579
1379413267
1379413271
1379432531
1379429651
1379413279
1379428443
1379432539
1379429658
1379429659
1379413398
1379443987
1379443991
1379460371
1379443998
1379443999
1379451678
1379451679
1379455818
1379464008
1379452698
1379452699
1379456538
1379460378
1379460379
1379464219
1379464728
1379444103
1379447943
1379448918
1379448919
1379465239
1379461203
1379465299
1379489306
1395147543
1395155733
1395155735
1395147545
1395147547
1395155737
1395155739
1395147551
1395155741
1395155743
1395144337
1395144070
1395144325
1395144340
1395144580
1395152770
1395160450
1395144333
1395155913
1395141201
1395172117
1395172119
1395176979
1395176983
1395180311
1395188501
1395188503
1395172173
1395176991
1395180318
1395180319
1395188508
1395188509
1395188511
1395188553
1395188118
1395185538
1395218306
1395225986
1395251074
1395382146
1629214504
1629222184
1631073940
1631071953
1631104849
1631172424
1898472213
1898472215
1898460490
1898472217
1898472219
1898472221
1898472223
1898460550
1898460610
1898472081
1898472337
1898473105
1898473361
1898474005
1898474261
1898462538
1898474013
1898474269
1898462598
1898462658
1898475153
1898475409
1898488599
1898504981
1898504983
1898504733
1898504988
1898504989
1898504991
1899520913
1899521681
1899521937
1899507409
1899523729
1899523985
1645825848
1645833528
1645852188
1645867548
1662612776
1662644674
1647846675
1647846679
1647846683
1647846687
1647848723
1647848727
1647848735
1647879443
1647879447
1647879455
1663582999
1663583007
1663585047
1663585055
1663615767
1663615775
1915266335
1915274015
1916282135
1916281629
1916282139
1916282143
1916282653
1916298009
1916298013
1916299033
1916284179
1916284183
1916284191
1916284701
1916300061
1916301081
1916314899
1916314903
1916323603
1916314911
1916322591
1932018455
1932018459
1932018463
1932051223
1932051231
1093612634
1093645402
1094645782
1361978699
1361980739
1361996099
1361980747
1109336444
1109340540
1109341484
1109348924
1109350072
1109358232
1109338484
1109342564
1109342580
1109381692
1126135448
1111307294
1111324312
1111340062
1111356952
1127077762
1128068632
1128101528
1128134168
1379680799
1379680919
1379670599
1379674439
1379670607
1379674447
1379705159
1395401759
1395401879
1630364954
1631328074
1631347739
1631328194
1631330114
1631330122
1631330242
1898734481
1898735249
1898735505
1898735639
1898728019
1898735939
1898736659
1898737297
1898737553
1898751254
1898751764
1898766869
1899763598
1899765578
1899765638
1899765698
1097544914
1097577682
1098519239
1098528404
1098539459
1098532754
1098521159
1098529349
1098572227
1365914834
1365931154
1365947602
1366013138
1113159450
1113290520
1113323542
1114123537
1114123539
1114123543
1114139923
1114123551
1114139931
1114161951
1114162971
1115172113
1115210527
1115211547
1115218327
1130900753
1130900755
1130900759
1130900767
1130940179
1130946967
1131968579
1131995542
1131995543
1131996547
1382558993
1382558995
1382558999
1382575379
1382559007
1382575387
1382642834
1382675602
1383605654
1383625874
1383626819
1383619147
1383626827
1383627337
1383638294
1383653767
1383659542
1399333829
1399334294
1399333837
1399336211
1399336215
1399336223
1399382407
1400430983
1634333002
1635264337
1635265361
1635266385
1635266257
1635296081
1635297105
1635299153
1902647114
1902650309
1902647174
1902655364
1902650317
1902649162
1902649222
1902657412
1902693907
1903697738
1903697798
1903697858
1650994449
1650994451
1650994455
1650994463
1651033875
1651032863
1652082451
1652081439
1667771667
1667771671
1667771679
1919429907
1919429911
1919429919
1919469331
1920517907
1936207127
1936207135
1159276852
1410885937
1410945592
1427663153
1142579737
1142596117
1159336508
1159336628
1159338548
1411017009
1411031573
1161308753
1413095759
1413128519
1413120847
1428845249
1428878017
1444434483
1444434487
1444434491
1444434495
1444434579
1444434611
1444434615
1444434623
1444436531
1176117527
1176117587
1176117591
1176117535
1176117595
1176117599
1176117655
1176117715
1176117719
1176117727
1176119575
1176119635
1176119639
1176115837
1176115927
1176146455
1176162835
1176162839
1176162847
1176155092
1176183164
1176187260
1176232852
1176236932
1176236948
1192891004
1192894799
1192894829
1192891079
1192891124
1192894919
1192894949
1192903319
1192891087
1192891132
1192894927
1192894957
1192903327
1192893044
1192896839
1192896884
1192909154
1192892527
1192892543
1192896847
1192908863
1192912927
1192908907
1192908923
1192912987
1192893172
1192897012
1192900852
1192923671
1192940051
1192935959
1192940055
1192936019
1192935967
1192940063
1192936027
1192944022
1444549175
1444553015
1444549235
1444553075
1444549239
1444553047
1444553079
1444549183
1444552991
1444553021
1444553023
1444549243
1444553051
1444553081
1444553083
1444549247
1444553055
1444553085
1444553087
1444565561
1444549271
1444549303
1444553111
1444553143
1444549331
1444549363
1444553171
1444553203
1444549335
1444549367
1444553175
1444553207
1444549343
1444549375
1444553183
1444553213
1444553215
1444551223
1444555031
1444551283
1444551287
1444563314
1444550782
1444550783
1444551277
1444551292
1444551293
1444551295
1444567102
1444567103
1444567147
1444567162
1444567163
1444551367
1444551383
1444551415
1444563442
1444585799
1444586069
1444578142
1444585957
1444586197
1444586452
1444590292
1444594612
1444672148
1461326543
1461326588
1461330383
1461330413
1461328118
1461328628
1178202772
1193820951
1193820959
1193853719
1193853727
1445511967
1446519581
1462256407
1462256411
1462256415
1462289175
1462289182
1462289183
1462296982
1947756849
1964534065
1679515964
1696207484
1696227629
1696207604
1696207612
1696209524
1696209652
1947870149
1947885959
1947885989
1947886229
1947887921
1947887969
1947887985
1947888097
1947888113
1947910454
1947910514
1947918659
1964643068
1964644478
1964644598
1964645108
1681416531
1681416539
1681449299
1681449307
1697145621
1697145629
1697178389
1697178397
1949851987
1949851995
1949884755
1949884747
1949884762
1949884763
1965581077
1965581079
1965581081
1965581083
1965581085
1965581087
1965597463
1965613845
1965613847
1965613597
1965613852
1965613853
1965613855
1712874385
1712976412
1729643377
1729651601
1729651633
1729643505
1729645537
1729676145
1729676273
1981289084
1981309361
1981289212
1981290614
1981306994
1981303379
1981303387
1981290742
1981307122
1981325797
1998066428
1998067958
1998068468
1730691863
1730691871
1730724631
1730724639
1982382879
1999127327
1999160087
1999160095
1142841881
1142858261
1180191026
1195925815
1195925823
1195925943
1195925951
1195919666
1195958583
1195958591
1195958711
1447577906
1447616831
1464361271
1464361273
1464361275
1464361279
1464361399
1464361407
1464394039
1464394047
1683497299
1683497307
1683497427
1683530067
1951932763
1951965523
1967677819
1967677947
1967694133
1967694135
1967694199
1685594459
1685627219
1716011443
1717060019
1732788659
1984446899
2001232187
2001248567
2001248627
2001248631
310588746
311637322
311645722
313742874
313746834
563303962
565274002
565401114
565405074
847336746
848369332
294065754
294065882
294067802
294100082
294115442
294116402
310748438
310750486
310765846
311797014
311804852
311813012
311799062
311810582
311814422
311818262
327489114
327489242
327491162
327538802
310850890
310842790
310844718
310844838
310875558
311899466
311907866
327654514
327669874
312760090
312767770
312769938
312800658
312823698
312827794
312866838
313804570
313808666
313812250
313816346
313816856
313816858
313799317
313800337
313800341
313815697
313815701
313811665
313804690
313816721
313829013
313833109
313844373
313848469
313844433
313849489
313870226
313907734
313915414
329544581
329536399
329536459
329546883
329546898
329547138
329560668
329577048
329604994
312898842
312898962
312893330
312901010
312931730
312958866
313947418
313947928
329736066
563437082
563444762
563459192
830805594
830805722
830807642
830854322
563566106
830936666
830936794
830954546
830938714
830954674
830985394
565536146
565534234
565541914
832953154
564583250
564648786
833084226
847583050
847583178
847585098
847627060
847629078
847629108
847637268
848675636
848677684
848685844
848689684
864360026
864360154
864362074
582243859
582243867
582245907
582245915
582276627
582276635
582262295
582277655
582278675
597990935
599039511
599054871
599096856
849632795
850679315
850679323
850681363
850681371
850786836
314659380
314659636
314659508
314659748
314659764
314661428
314661684
314661556
314661796
314661812
314688308
314692148
314692404
314688436
314692276
314692516
314692532
314690356
314694196
314694452
315708324
315710372
315736884
315738932
314779412
314779420
314783050
314787610
314791706
314779540
314781460
314781468
314789658
314797848
314781588
314825298
315840026
316833170
316847495
316862855
316863875
333607299
333608323
333610371
333641091
566314898
566318738
566318994
566327186
566308216
566312056
566312296
566312312
566323576
566327656
566327672
566324536
566328376
566328632
567367314
567376232
567376952
566445850
566449946
566445970
566449810
566450066
566457730
566457746
566458258
566454580
566455698
566489628
566489688
566491158
566491668
567498266
567498386
567506306
569468306
568465219
568465227
568467267
568467275
568497987
568497995
568500035
568515410
568547098
836900675
836901699
836902723
836918083
836933443
836935491
836950851
599857446
599873830
599878968
599882808
599883064
599906598
600931384
851530292
851530548
851530026
851531050
851532340
851532596
851533098
851559220
851563060
851563316
851561268
851565108
851565364
852607796
852609844
315041564
315045194
315048314
315049754
315053850
315041684
315048434
315049394
315041272
315045352
315045368
315045880
315048442
315052792
315053032
315053048
315038324
315042164
315043604
315050354
315051314
315043612
315051802
315059992
315038452
315042292
315043732
315050482
315051442
315069044
315069284
315069300
315069172
315069412
315069428
315087442
316954394
316962074
316962967
316995667
317015954
317053462
317061142
317998874
318002970
318006554
318010650
318011160
318011162
317994644
317998994
318006419
317996677
318012037
318027412
318092948
318102038
318109718
333771352
317093146
318141722
318142232
566589330
566695034
566707994
566712090
566708114
566711954
566712210
566719874
566719890
566720402
566695162
566716724
566717842
566731732
566735572
566735812
566735828
566753302
835163378
568670040
568674074
568678170
568686360
568679962
568687642
568715602
568719698
569728538
569736218
568777554
568809242
600134504
600142184
600142874
600135734
600135794
600145432
600175192
600175642
600175492
601194008
851777354
851781052
851781532
851785192
851785208
851781592
851785432
851785672
851785688
851785720
851782012
851779402
851821364
851820914
851805142
851811862
851823382
851823412
851831572
851823922
852871988
852880148
852883988
360962162
362953537
362969921
362970049
363002689
364012481
364016577
364014401
364014529
364045249
364049345
364047169
394351474
394351602
394353522
394353650
394384242
394384370
394381682
394385522
394385762
394385778
394382162
394386002
394386242
394386258
394386290
377734098
377738178
377738194
377736018
377740098
377740114
394512754
394516594
394517074
379777415
380793219
630272376
630288760
630286712
630290808
630321528
897700338
897700802
897700818
897700850
900918081
647049532
647065916
647051572
647098684
914445170
914444586
914445234
914445298
914438452
914477938
914477554
914478034
914478066
931222386
931222450
931222514
931255154
931254770
931255234
931255250
931255282
360993339
360993403
360993531
361009911
347519047
377770611
377770619
377770739
377770747
377803379
377803507
394547771
394564343
378991237
394670460
394686824
394686840
394713187
394713682
394778738
394779218
379976212
380924561
380920529
380926597
380957317
380953297
381024788
613683907
630468984
630461123
630505778
881103607
881119927
881119987
897864488
897864251
897864315
897864443
897858113
613880444
613897004
613929772
630608504
630608744
630609974
630618164
630618689
630618187
630649222
630650962
630651457
881217846
881217974
881250614
881250742
881300182
881318482
882262769
882264689
897993014
897993299
897993142
898029682
615903772
632560199
632576587
632584777
632599132
899971649
900004417
664023404
664015559
664040069
664031939
664023757
664017521
664017479
664029809
664029937
664073032
664052182
664068502
664068562
914641720
914641784
914641619
914641627
914641912
914627155
914627159
914627287
914674259
914658007
914674387
915673717
915677564
915685754
915673844
915673845
915677692
915685882
915675761
915675764
915718514
931418683
931426664
931410412
931426732
931426792
931416659
931428929
931447379
931451475
931459672
931453042
348266812
348270908
365044028
365048124
365050179
365050209
365046593
351416775
351429569
351433665
351462337
351466433
367160129
367192897
368210881
368239553
368243649
368241473
381757748
381825340
381825404
381841724
382890371
382923352
398602556
398598524
398602620
398614844
398618940
398619000
398604821
398596679
398600564
398617109
398621205
398612834
398645602
398710898
383971719
617855092
885182827
885225764
885258532
886198627
886194539
886198634
886198635
886194659
886194667
901933889
901937729
901966657
903015233
635566402
651288952
666982694
666978674
667015462
918638962
918639026
918634994
918639090
918667634
918671730
918651382
935416306
935448946
935428598
365177140
348528956
348533052
350496791
350500887
350496851
350500947
350513171
350517267
367278163
367294483
384055319
384055379
384071699
617878211
1099111546
1099112026
1100165612
1100181932
1100199752
1367545674
1367561874
1367545802
1367547002
1367547482
1367547722
1367563922
1367594642
1102128984
1102132824
1102133064
1102133080
1102129112
1102132952
1102133192
1102133208
1102161752
1102165592
1102165832
1102165848
1101231498
1102189255
1102206866
1102214546
1102215058
1102198728
1102210443
1102214538
1102214539
1102191175
1102199365
1102231128
1102263896
1102264136
1102264264
1102296904
1369600387
1369600451
1369591683
1369595523
1369617858
1369617859
1369633218
1369633219
1369644994
1370633921
1370634177
1370649281
1370650241
1116809588
1116813668
1116813684
1132548978
1132549106
1132551026
1132551154
1132581746
1132581874
1133606680
1133602712
1133606808
1133590884
1385257652
1385257908
1401017282
1401017298
1116938620
1116948250
1116940660
1116944740
1116944756
1132665978
1384330570
1384324398
1118922648
1118926744
1134651288
1134655384
1135703832
1135699864
1135703960
1119008645
1134719873
1134719877
1134720897
1134719885
1134720905
1135768449
1135769473
1387460481
1403139969
1403154819
1635882706
1635882946
1635882962
1635882994
1635894226
1635898306
1635898322
1635898354
1635895186
1635899026
1635899266
1635899282
1635899314
1635899378
1904318162
1904329682
1635980890
1635993370
1635997330
1636001170
1636005266
1635981018
1635993498
1636005018
1635982938
1635997878
1635999378
1636013688
1636021368
1636013778
1636033428
1636037508
1636037524
1636025298
1636026258
1636030098
1636033938
1636038018
1636038034
1636022358
1636030518
1904416346
1904416586
1904416466
1904431586
1904432546
1904416474
1904416714
1904418394
1904418634
1904418514
1904433634
1904434594
1904449234
1904460754
1637955160
1637971480
1637971736
1638003288
1638003528
1638004248
1638004504
1638999896
1639003976
1639020056
1639020312
1639032664
1639036744
1639051864
1639052104
1639052824
1639053080
1638014795
1638062930
1653683508
1653682476
1653682492
1653683496
1653683512
1653683500
1653683516
1653698856
1653698872
1653698860
1653698876
1653684516
1653684532
1653685540
1653685556
1653700900
1653694008
1653708610
1653716290
1653731628
1653731644
1653710388
1653710644
1653725748
1653726004
1669403444
1669403508
1669419828
1669419890
1669412152
1669412170
1669412200
1669412216
1669412440
1669412680
1669424920
1669428760
1669429016
1669403572
1669403636
1669419954
1669419956
1669420018
1669412328
1669412344
1669419948
1669404966
1669421426
1669421554
1669436212
1669436274
1669436276
1669444914
1669436786
1669444946
1669444978
1669452596
1669452658
1669452378
1669457688
1669436388
1669436404
1669436914
1669445074
1669445106
1669452708
1669452724
1669448658
1669452738
1669452754
1669452786
1670476088
1670476076
1670473496
1670506264
1921077618
1921078130
1921070620
1921070680
1921077546
1921078570
1921070740
1921077682
1921078194
1921077746
1921078258
1921079650
1921072668
1921072728
1921080618
1921072788
1921079778
1921094002
1921094514
1921110386
1921110898
1921110498
1921110514
1921110978
1921110994
1921111026
1922111156
1922113204
1937887586
1937884114
1671526168
1672603416
1101461842
1102476690
1102510162
1117200764
1117205834
1117213244
1117210394
1117202804
1117206884
1117206900
1117246012
1132951604
1132951860
1132974682
1132975672
1384586542
1119171614
1119204382
1386484433
1386485407
1386501787
1386607252
1636243034
1636267034
1636268084
1636268340
1636264372
1636268212
1636268452
1636268468
1636275794
1636291192
1636300882
1638233114
1638265882
1638325074
1653945374
1653961754
1653978142
1669665644
1669666394
1669665772
1669714552
1921323884
1921328984
1921333064
1921329044
1921324012
1921331032
1921335112
1921331092
1921371442
1655985683
1655985691
1656018451
1656018459
1924421147
1105376707
1105409234
1105425802
1105442002
1105458562
1106383559
1106392769
1106393025
1106403779
1106407875
1106404747
1106408842
1106408843
1106385479
1106393669
1106436547
1106440643
1373794691
1374828481
1120998196
1120998068
1120998324
1120999988
1121000244
1136731448
1136735544
1388402738
1388402994
1388417844
1121187922
1136915842
1388521244
1388521364
1388532914
1388523284
1388523292
1388523412
1123103894
1123136662
1138878232
1139926808
1390499474
1138914177
1138915201
1139963777
1640186234
1640186354
1640176244
1640180084
1640176372
1640180212
1640206964
1908611828
1642207043
1642207051
1642209091
1642209099
1642239811
1642241859
1910644547
1910659907
1657870132
1657885492
1657870004
1657871156
1657871924
1657872180
1657887284
1657887540
1657872052
1673598322
1673598074
1673598386
1673598194
1673598450
1925272372
1925272874
1925271986
1925273906
1925269814
1925274164
1925274420
1925273714
1925274674
1925274922
1925288306
1925289554
1925289794
1925304674
1942033906
1167141172
1150439842
1150439843
1150456162
1150456163
1167200819
1167204659
1167200823
1167204661
1167204663
1167200883
1167204721
1167204723
1167200887
1167204727
1167200831
1167204669
1167204671
1167200891
1167204729
1167204731
1167200895
1167204735
1167217208
1167200951
1167204789
1167204791
1167201011
1167204849
1167204851
1167201015
1167204855
1167217058
1167217059
1167201023
1167204863
1167206709
1167206711
1167202913
1167206769
1167206771
1167206775
1167206783
1167206903
1167233588
1167233589
1167233378
1167233379
1167237489
1167245618
1418875298
1418875299
1418883459
1418868833
1418891828
1434604328
1434604329
1434604331
1168372042
1169305931
1169322315
1169298119
1169347402
1169355083
1169355592
1420964295
1420972739
1436709251
1436709315
1436742082
1436742083
1451316082
1451316210
1451309348
1451309364
1451348850
1451348978
1183981907
1183981911
1183981913
1183981915
1183981919
1183982033
1183982035
1183982039
1183982047
1183983953
1184014673
1200755317
1200755261
1200755309
1200755324
1200755325
1200759119
1200759164
1200767354
1200755381
1200755429
1200755444
1200755445
1200759239
1200755437
1200755452
1200755453
1200759247
1200759292
1200767482
1200757319
1200757364
1200761159
1200777749
1200757327
1200761167
1200765007
1200757492
1200761077
1200773302
1200777397
1200773362
1200800054
1200800114
1200804442
1200800182
1200800242
1452417367
1452417371
1452417359
1452417375
1452417491
1452417479
1452417495
1452430049
1452417487
1452417503
1452419399
1452419407
1468158761
1468158763
1468156717
1469194703
1469196623
1453470087
1453486471
1704030520
1687310691
1687310699
1687327075
1687327079
1687343459
1687327087
1687343467
1687360244
1687392884
1687389172
1703043411
1703043419
1703043539
1703043547
1703045395
1703055719
1703056199
1703063879
1703055727
1703056207
1703063887
1704071735
1704075575
1704071795
1704075635
1704071799
1704075637
1704075639
1704071743
1704075581
1704075583
1704071803
1704075641
1704075643
1704071807
1704075645
1704075647
1704071863
1704075701
1704075703
1704071923
1704075761
1704075763
1704071927
1704075765
1704075767
1704071935
1704075773
1704075775
1704077621
1704077623
1704077681
1704077683
1704077685
1704077687
1704086039
1704077692
1704077693
1704077695
1704086047
1704077527
1704077767
1704077783
1704077797
1704077813
1704077815
1704093847
1704093877
1704093907
1704104501
1704104291
1704108401
1704104294
1704104295
1704104775
1704104564
1704104565
1704112455
1704104302
1704104303
1704104782
1704104783
1704104557
1704112462
1704112463
1704117067
1704100343
1704100822
1704100823
1954796182
1954796212
1955746147
1955730284
1955746154
1955746155
1955746409
1955746424
1955748389
1955748397
1955774999
1955779124
1955775059
1971462487
1971462491
1971462495
1971475241
1971462611
1971462599
1971462615
1971462607
1971462623
1971464279
1971472694
1971480599
1971464287
1971480607
1971472822
1971491437
1972511183
1972512863
1972529183
1705128267
1705144651
1705177419
1706193227
1706225995
1720791356
1720807736
1720807724
1720807740
1720840492
1720840508
1736561242
1736557522
1988186482
1988186994
1988186546
1988187058
1988186610
1988187122
1988180276
1988202866
1988203378
1988219250
1988219762
1988219362
1988219378
1988219842
1988219858
1988219890
2004992978
1720852823
1720852827
1720852831
1720852947
1720852951
1720852959
1737626237
1737626357
1737626365
1989288287
1989288407
1989288415
2005016927
2005017047
2005017055
1166297619
1434733075
1434751543
1434751607
1166428691
1199854195
1199854203
1199854323
1199854331
1199852051
1199886963
1199886971
1199887091
1468305975
1468306039
1703168531
1703203571
1971622455
1971622519
2005160627
2005176887
2005176947
2005176951
1738854935
1738854943
1154634146
1154634147
1154650466
1154650467
1171411363
1171427683
1423069603
1423077763
1457680775
1691521379
1709338955
1709371723
1710420299
310986042
310989732
312038308
311113034
311120804
312161610
312170010
312169380
563828250
564676499
565732169
565720724
565794330
565798290
833103764
847845194
311247158
311248186
311247286
311251876
311249206
312300452
311375178
311382948
313284378
313292058
314328858
314332954
314336538
314340634
314340888
314341144
314341146
314328978
314317383
314320983
314325573
314337303
314333763
314348359
314351943
314356039
314352453
314356549
314356551
330060679
330064773
330068613
330068869
330061458
330066963
330076999
330084679
330081093
330085189
330085191
313423130
313423250
314471706
314472216
564937491
564938515
564938523
564940563
565982868
565987218
565975879
833373971
833361738
833369988
833376019
848107338
848120118
848144148
315307338
315311898
315315994
566842546
566839186
566843026
566843282
566851474
566831476
566835556
566835572
566844466
567891602
566970138
566974234
566970258
566974098
566974354
566982018
566982034
566982546
566958198
566962548
566966628
566966644
566978868
566974578
566989428
566989668
566989684
566997876
568869715
568869723
568870803
568871763
568940314
569926473
569915028
837305171
837298068
837306963
837307219
837326658
569071386
600396648
600396664
600404328
600404344
600401178
600398898
600413028
600413044
600421236
852047688
852043668
315578138
315566040
315569880
315570120
315570136
315576090
315566580
315611730
317478682
317486362
317486482
317470743
317487123
317487127
317519895
318527258
318534938
318535448
318535450
318529935
318529050
318542670
318550350
318550860
318568530
334295880
334295430
317617434
567113618
567236378
567236498
567244178
567244690
567235320
567242130
567256020
567259860
567260100
567260116
567277590
569132819
569131803
569132827
569133843
569134867
569134875
569202458
570169230
570176910
570177420
570169935
570183570
570222870
837570323
837558090
837566340
600699480
600699780
852311880
852307860
361439612
361443692
378085756
378098596
379147172
394862972
394867052
378216828
378229668
898179452
898183532
632841033
632820423
900207303
900215493
900221463
900221719
914956668
914960748
914966898
361513499
361640252
348043335
378417532
395211068
395190780
630993272
631173510
898507260
915166008
915166072
915166200
931930620
931943160
382349703
382350213
382366087
382351668
382368052
382398855
383447640
902312237
902328617
902328737
902314277
618379380
650658225
650658227
650658231
650658239
667435443
668472015
919093683
919093687
919093695
920130255
935858895
935879055
1100689772
1102657112
1102657352
1102713543
1102727058
1102715463
1102723653
1117331836
1117333876
1117337956
1117337972
1134113132
1134115172
1384731556
1384720756
1385780132
1117462908
1117472538
1117464948
1117469028
1117469044
1384854858
1384862628
1384851828
1386772503
1387812378
1387795143
1387800663
1387800903
1387816983
1387832598
1403523783
1403545473
1403529303
1403545623
1403549719
1636376956
1636374646
1636375156
1636391026
1636406866
1904808572
1904842322
1636508028
1636525458
1636529554
1636505718
1636506228
1636522098
1636537938
1639473993
1639462548
1639455303
1906849668
1669931388
1669945128
1669929078
1669945458
1921595208
1924712211
1101952402
1103034390
1117731188
1133476148
1119728670
1636766460
1636775880
1636792628
1636788660
1636792500
1636792740
1636792756
1636825170
1638680339
1638679323
1638680347
1638681363
1638682387
1638682395
1907117843
1907113860
1921859400
1105966290
1121712210
1122550559
1122551579
1123599135
1123600155
1139328787
1391993295
1391998860
1392007755
1392015435
1392015945
1392048150
1642611539
1642611547
1642613587
1642613595
1642645275
1911049043
1911046020
1911080723
1925791560
1659422483
1659421471
1660471059
1660470047
1927857939
1167610424
1419285044
1166688570
1166688690
1166690595
1166721330
1184383763
1184383515
1184383771
1184383635
1184383891
1184385585
1184385841
1184416275
1184416531
1452819227
1452819257
1452819347
1452821297
1452851987
1200324990
1203274455
1955320500
1958273355
1721254679
1721254683
1721254687
1721256753
1721287443
1721287447
1721287455
1989690143
1989690173
1989722903
1724400051
403903340
439571994
689133082
940774252
691103122
691234194
404165484
404165612
404167532
404199332
404207012
404207492
406173572
405256518
406214426
406222360
406222616
406222618
406304644
421930817
421929921
421930945
421946241
421942915
421931841
421932865
421932993
421944963
421962561
421975683
421976643
437722916
437730596
437753636
437755684
437763364
438589210
438596890
439633690
439637786
439641370
439645466
439645976
439645978
439644821
439640785
439633810
439645841
439673553
439678609
439728004
455353877
455357972
455357973
455357975
455357979
455353885
455357980
455357981
455357983
455358997
455358999
455354961
455359057
455355925
455360020
455360021
455360023
455371285
455375381
455371345
455375441
455355933
455360028
455360029
455360031
455371293
455375389
455398218
455398278
455398338
455404113
455408209
456418001
456407633
456419921
456424017
456450769
456452689
456456785
438727962
672469996
672470956
689266202
689273882
689295992
940905084
940905212
940905452
940906412
940914980
940915044
940907132
940915172
940947812
672600940
672641868
672634698
672639348
672639828
689395226
941075284
674533911
674533971
674533975
674534931
674534935
674550291
674550295
674533983
674534943
674550303
674536983
674552343
674605908
690238997
690239005
690240535
690241045
690240543
690241053
690263575
690271765
690263583
690271773
690265623
690273303
690273813
690296642
690296650
690298690
690298698
690306888
690329410
690331458
691291923
691291931
691292051
691292058
691292059
691288151
691289110
691289111
691293971
691288159
691289118
691289119
691293979
691289478
691289988
691292823
691293079
691293843
691294099
691311127
691311187
691311191
691312147
691312150
691312151
691315990
691316500
691312450
691312451
691327507
691327511
691311198
691311199
691312158
691312159
691308363
691312203
691327519
691327578
691309398
691309399
691320918
691320919
691310359
691314198
691314199
691318038
691321878
691321879
691318548
691329558
691329559
691365266
941897823
941898783
941899293
941914143
941914653
941996358
942981715
942981723
943041364
958674452
958674453
958674455
958674457
958674459
958674460
958674461
958674463
958666330
958674505
958674760
958674565
958685841
958690945
958674573
958674965
958674967
958675477
958675479
958675990
958675991
958676500
958676501
958676503
958675998
958675999
958676508
958676509
958676511
958668378
958675653
958676613
958702417
958702405
958703379
958703383
958707010
958702413
958703391
958709058
958772546
958774594
959739521
959720726
958905666
706029332
706029340
706031380
706031388
706062100
706062108
706075188
706082868
974460866
974466836
974462914
708088343
708089363
708089367
708104723
708104727
708089375
708104735
723794967
723794975
723818007
723818015
724840989
724857373
724843029
724843543
724859413
724843551
724859421
724865559
724866579
724866583
724881939
724881943
724866591
724881951
724890141
724892181
975453215
975468575
992229399
992230423
992230431
407093558
407093686
407101846
408097644
408097772
408099692
408139652
423870774
423866822
423870902
423879062
423883142
423865682
423881042
410100692
410104532
410104772
410104788
410101652
410105492
410105732
410105748
409180998
410133445
410170308
410167188
410163783
410164038
410164039
410235844
410236804
425858882
425858883
425859010
425859011
425859907
425860930
425860931
425861058
425861059
425891650
425891651
425891778
425891779
425912643
425916483
425980354
440481090
440481106
440481138
440481218
440481234
440481266
440482898
440483138
440483154
440483186
440483026
440483266
440483282
440483314
440509778
440513858
440513874
440513906
440509906
440513986
440514002
440514034
440511826
440515666
440515906
440515922
440515954
457260114
457260242
457286994
457287122
440616858
440613970
440614488
440614728
440614744
440617338
440618298
440614098
440641300
440637010
440637250
440637266
440640850
440639958
440633268
440640948
440640978
440656278
440634198
440645718
440639058
440639298
440639314
440642898
440646738
440658258
457391186
457398626
457391314
457398754
457418066
457417174
457421254
457418194
457433494
457437574
457433554
457431394
442574612
442578708
442574740
442576660
442580756
442576788
442580868
442607380
442611476
442609428
442613524
443627284
443623316
443627156
443625236
443629332
443625364
443629444
443655956
443660052
443659924
443660164
443658004
443662100
442662290
442691975
692144018
692147858
692148114
692156306
693203320
693196434
693201272
693205368
943799794
943815154
944880212
944880468
960576962
960576978
676558210
676558226
676558738
692277550
692274970
692275090
692278930
692279186
692287378
692310318
943964470
943964598
678541908
678542164
695297426
945928788
945929044
946977364
946977620
678606665
695351105
695353153
695383873
695385921
945961793
945961797
945961805
945994565
947010369
962729795
962730819
962731843
962769729
709956404
709957412
709957428
709956396
709956412
709957420
709957436
709972776
709972792
709977400
709981496
709958436
709958452
709959460
709959476
709959468
709959484
709979448
709983544
709989156
709989172
710010168
710014264
710011188
725685602
725685618
725693762
725693778
725693810
725685682
725693874
725685730
725685746
725693890
725693906
725693938
725686566
725686642
725694834
725687650
725687666
725695810
725695826
725695858
725702950
725703010
725687778
725687794
725695938
725695954
725695986
725703138
725738268
725738328
725738388
725735718
726753656
726786424
977352002
977352018
977352050
977351032
977351992
977352040
977352056
977359146
977368360
977352114
977347990
977352100
977352580
977352130
977352146
977352178
977352168
977352184
977353074
977353810
977354050
977354066
977354098
977361266
977353068
977354088
977354104
977350038
977353938
977354178
977354194
977354226
977361394
977376052
977376100
977376116
977377074
977384980
977376626
977377106
977377138
977376228
977376244
977376754
977377234
977377266
977387028
978392884
978393908
978394916
978394932
978433556
978435604
994131026
994131154
980532756
410408730
410416664
410416920
410416922
410432452
410433157
410497988
410498948
426178627
440746298
440746418
440748338
440779058
440869244
440873340
440870684
440881724
440877434
440870324
440870804
440866754
440877554
440878994
440869372
440877562
440885752
440872244
440872724
440879474
440872732
440876632
440876872
440876888
440880952
440884792
440885048
440872372
440872852
440868802
440879602
440881042
440899154
440899394
440899410
440906692
440901202
440901442
440901458
442783514
442791194
443827994
443832090
443835674
443839770
443840280
443840282
443814599
443823764
443834819
443838915
443828114
443856532
443922308
459600712
692418450
676820354
676820370
676820882
676836172
676836712
692527484
692532554
692539964
692537114
692537234
692541074
692541330
692549522
692565322
944182462
694436627
694436631
694436633
694436635
694436639
694436753
694438673
694438675
694438679
694438687
694469393
695473987
695478044
695473739
695473994
695473995
695484959
695486234
695472839
695474114
695485079
695493059
695472847
695485087
695489167
695475779
695476034
695476035
695486999
695480092
695475787
695476042
695476043
695487007
695488282
695483782
695484292
695476162
695488387
695496067
695510294
695510804
695513932
695512342
695512852
947135707
962872087
962872091
962871839
962872095
962871959
962871967
962870849
962874131
962873879
962874135
962873887
962874143
963920543
963922463
710277172
726004612
977617274
977617394
977617402
977616164
977619314
977619442
473078343
473078598
473078599
505566087
505573767
505574277
505568135
505575815
505576325
505598855
505606535
505607045
506622339
506622853
506624901
506655621
756106104
756109944
756110184
756110200
756118392
756108152
756111992
756112232
756112248
756120440
756138872
756142712
756142952
756142968
756151160
739486068
739486548
756241256
756243304
756274024
1007922004
489083527
506749649
506782417
522459671
522467921
522476055
522480209
522484305
522512977
522517073
523532881
523559633
523561553
523565649
739513027
756290243
756300084
1007954228
1007958308
739701652
756431156
756447540
756478852
741732892
758395421
758411805
758389319
758428252
758444573
758444632
1010072085
1010104852
1010104853
1025776151
1025784389
1025792535
773118517
773151524
773158972
773184292
773191732
789844679
789861059
789854741
789846641
789846599
789867029
789871125
789863009
789863025
789866557
789870652
789870653
789899797
789903893
1058298481
791966237
791968277
791999005
792001045
1059346967
474095932
474100028
475150931
475150935
475150943
490873148
490877244
490875713
490895715
490928483
491959105
476312002
492989249
492992707
493025347
493022017
493089218
507654460
507654524
507670844
507672967
507704197
507718004
507752902
507769222
508752712
524431676
524427644
524431740
524443964
524448060
524448120
524429684
524445989
524441954
524441827
524449987
524474722
524530118
524546438
524540258
509768071
509768581
509770119
509800839
510817157
759386414
759419182
1010965313
1010965315
1010973505
1010964847
1010973037
1011087682
1012013891
1012022081
1013062467
1013070657
777118072
792811814
792844582
793895288
1044461924
1044543781
491006260
474358076
474362172
491139388
507836471
507916604
743707331
759494771
777271409
1046771735
1225994732
1226011052
1226037032
1477645164
1477645292
1477647212
1477688612
1227978520
1227974552
1227978648
1228011288
1479653972
1479654228
1479655188
1226987403
1226995083
1226995593
1227060618
1228027480
1228018375
1228026573
1228042953
1228020295
1228028485
1228025793
1228056340
1228058388
1228065558
1228073238
1228073748
1478662983
1478670663
1478671173
1478728518
1479702040
1479701185
1479680973
1479695898
1479703578
1479704088
1479683013
1479734808
1479733953
1496478401
1242646456
1242650296
1242650536
1242650552
1242654136
1242658216
1242658232
1242654616
1242658456
1242658712
1242658744
1242638708
1242642788
1242642804
1259435432
1259435672
1259420004
1242767740
1242771836
1242772870
1242771948
1242788268
1242769780
1242773860
1242773876
1242767148
1242797890
1242799938
1242811218
1242815058
1242815298
1242815314
1259549164
1259565484
1259551076
1511235364
1244755608
1261532824
1513197334
1244854145
1745984116
1745984356
1745984372
1745987956
1745991796
1745992036
1745992052
1745988436
1745992276
1745992532
1745992564
1745993588
2014419812
2014423892
1746104620
1746105730
1746105746
1746080748
1746082668
1746103698
1746107538
1746107778
1746107794
1746137388
1746138498
1762915624
2014516076
2014516204
2014518124
1748085588
1764848666
1764881434
2016521044
1748156225
1227298634
1227306074
1227338842
1228289624
1228289864
1228289414
1228305089
1228305794
1228305037
1228338052
1228337857
1228339222
1478898966
1478901014
1478931734
1478933782
1478996932
1478990662
1479943109
1479943574
1479945622
1479980932
1495672769
1495674689
1243029884
1243033980
1243027244
1243047314
1243031924
1243036004
1243036020
1243052084
1243052340
1243029292
1243048372
1243083142
1243073362
1243077202
1243077442
1243077458
1511497508
1260771202
1512355357
1512404114
1512436882
1513382609
1513386689
1513415377
1529099797
1529099799
1529099803
1529095709
1529099804
1529099805
1529099807
1529097749
1529097757
1530192593
1746342764
1746366764
1746367874
1746367890
1746365842
1746369682
1746369922
1746369938
1746375524
1746384712
1746400132
1748263701
1748263709
1748265749
1748265757
1748275735
1748275795
1748275799
1748276755
1748276759
1748292115
1748292119
1748275807
1748276767
1748292127
1763980821
1763980829
1764005399
1764013589
1764005407
1764013597
1764040514
1764071234
1764069202
1765033747
1765033755
1765024199
1765033875
1765024207
1765033882
1765033883
1765035795
1765035803
1765034647
1765034887
1765034903
1765042567
1765043077
1765035667
1765035923
1765043587
1765052951
1765053011
1765053015
1765053971
1765053974
1765053975
1765054274
1765054275
1765069331
1765069335
1765053022
1765053023
1765057117
1765053982
1765053983
1765054027
1765069342
1765069343
1765051222
1765051223
1765052183
2015738182
2015739202
2016690967
2016690975
2016683414
2016691079
2016698759
2016691087
2016698767
2016692759
2016693015
2016692767
2016693023
2016685462
2016712267
2032416277
2032416279
2032416281
2032416283
2032416284
2032416285
2032416287
2032408154
2032416329
2032416584
2032415939
2032415947
2032444241
2032443719
2032444229
2032448834
2033468303
2033475983
2033469983
1779771164
1779767234
1779779474
1779773204
1779769282
1779781522
1779799874
2048204738
1781821981
1781830167
1781831187
1781831191
1781846547
1781846551
1781831199
1781846559
1781854749
1797559831
1797559839
1798599197
1798608407
1798623767
1798608415
1798623775
1798631965
1480790588
1232229914
1232212679
1232218049
1232214599
1232222789
1232238659
1232230987
1232220097
1232269912
1232259862
1232267542
1232268052
1482831704
1482822599
1482832709
1482832717
1482833752
1482824647
1482863429
1482857287
1482865477
1483896344
1483875269
1483895489
1483890202
1483897882
1483898392
1483907909
1483912005
1483928392
1483913092
1499600707
1499604764
1499612954
1499600834
1499601731
1499602754
1499602755
1499606812
1499615002
1499637524
1514222962
1514223090
1514255730
1514255858
1246967384
1246982444
1246983704
1246967174
1246967684
1246982632
1247015212
1247015752
1247017042
1263759848
1514345084
1514345212
1514358682
1514359162
1514359672
1514363512
1514363752
1514363768
1514360122
1514364472
1514364728
1514383124
1514382674
1514377702
1514381782
1514382772
1514382802
1514398162
1514376022
1531160018
1531175378
1531179458
1248933014
1248929684
1248965782
1264707352
1516320532
1516318484
1516322580
1516349204
1516353300
1516343062
1517371156
1517401876
1517391638
1750153042
1750155090
1750176564
1750185810
1750187858
1765904948
1765914098
2017547064
1750274924
1750275674
1750277722
1750316872
1766019374
1766027564
1766052142
2017662554
2017674104
2017677944
2017674232
2017678072
2017675634
2017664602
2017675762
2017699252
1752281932
1752279892
1767994394
1767994650
1768027162
1768027418
2019637012
2019639060
2019669780
2019670612
2019670868
2019671572
2019671828
2020715348
1752315721
1752317769
1752350529
1769094977
1769125697
2019703617
2019704131
2019704139
2036473667
1783699252
1783699244
1783700276
1783701284
1783701300
1799427442
1799435602
1799435634
1799427506
1799435698
1799427554
1799427570
1799435714
1799435730
1799435762
1799429474
1799429602
2051093842
2051093874
2051093564
2051093938
2051089814
2051093924
2051094404
2051093954
2051093970
2051094002
2051093692
2051117684
2051117924
2051126804
2052136756
1768178459
1768180499
1292970292
1544639032
1294201162
1295135051
1295127239
1295135437
1295151817
1295176522
1546793351
1546810049
1546842817
1309876604
1309880700
1309889400
1309897080
1309880812
1309897132
1309926292
1309930388
1326658028
1326674348
1311896212
1328706445
1813213484
1813246252
1815261507
1815261511
1815261519
1309946485
1309946493
1309946613
1309946621
1309979253
1309979261
1309979381
1578381941
1578382069
1578414709
1578414837
1813263101
2115252853
2115252917
2115252981
1848930845
1848963613
1865740829
1296183655
1296183663
1296183783
1296183791
1296216423
1296216431
1296216551
1547842031
1564619111
1564619113
1564619115
1564619119
1564619239
1564619247
2101490023
2101490027
2101490031
1819455815
1819455823
406406938
406410778
406463309
406472594
406538010
406541850
439965210
689657370
691545809
691561874
691627410
958969154
959034690
959981265
406669082
406672922
406738458
406746394
422466183
439178778
440161818
455887383
455895633
455899729
689788442
675098388
675129108
691824018
943468308
943499028
959231298
407577878
407577916
407578006
407579926
407583826
424361042
409552666
409549906
410601242
410605082
426327122
409622418
409683738
410666898
441132468
441141138
441134388
443110938
692668186
692668306
692672146
692672402
692680594
693720602
693720722
944326546
944323666
961100882
677082498
677082514
677083026
692801838
692799258
692799378
692803218
692803474
692811666
944448918
944457618
944450838
694690135
694690143
694692183
694722903
695756178
963125591
963125583
963125599
963126603
963126619
963127623
963127639
963158343
963158359
726217068
726233448
726228018
977875308
977872308
409884442
410940698
410930970
441397628
441393660
441404280
441408120
441408360
441408376
441405330
441430980
443315602
443299863
443316243
443316247
443349015
460125000
443446674
692942738
677344658
677345170
693065618
693073810
679315230
726528900
756634232
756634472
489607815
740037315
740194612
757002630
773708580
474620220
474624316
474636585
474616711
474624903
474616515
474633091
475665287
475673479
475681667
475697687
475697747
475714067
491401532
491426327
491426387
491442707
476730243
508178748
508178812
508195132
508178823
508179333
508195207
508197172
508227975
509276760
509278230
524956028
524972348
524972408
524956140
524970015
524980830
524997150
524997210
525005700
1011368595
1011368835
1011372931
1011376515
1011380611
1011358275
1012421507
1012429187
759943470
762874695
776511839
776511869
777560437
793289055
793289085
1061696205
1061712525
1061712585
1061702175
1061705850
1061745030
474886460
1480148762
1480152602
1227560778
1228551768
1228552008
1480205133
1480218138
1495954113
1243166116
1243170706
1243174546
1243174802
1243162996
1243167076
1243167092
1243168036
1259944292
1243292028
1243296124
1243297668
1243294068
1243298148
1243298164
1245193491
1245193495
1245193503
1245193623
1245195543
1245226263
1261000578
1513628951
1513628958
1513628959
1513649179
1513624263
1513629078
1513629079
1513649298
1513649299
1513630998
1513630999
1513650259
1513661718
1513661719
1746487066
1746474886
1746483076
1746474946
1746506596
2014910282
2014942052
1746628908
1746618138
1746630018
1746630034
1746637668
1764270933
1764271893
1765287633
1782064407
1782064415
1782066455
1782097175
2050499871
2050500381
2050501911
2050532631
1228863510
1480478490
1243558268
1243560308
1243576628
1243561800
1243572660
1243607430
1243597650
1243601490
1243601730
1243601746
1261295490
1746892178
1746870090
1746885240
1746890130
1746893970
1746894210
1746894226
1746924420
2016263490
1481183804
1483355992
1483358040
1484406600
1484410650
1247540040
1247541330
1514885880
1514883570
1248341265
1248341267
1248341271
1248341279
1265118483
1266162255
1516776723
1516776727
1516776735
1517820495
1517840415
1533549135
2018202360
1768431959
1768431967
1768464727
1768464735
2036867423
2036868443
2036900183
2051625720
1785212179
1785212183
1785212191
2053647639
2053647647
1276666393
1276651813
1276651829
1293443609
1545085769
1545085785
1276780853
1276780861
1276780921
1276780981
1276782885
1293558137
1293554387
1545216437
1278763545
1547182937
1547182547
1310204789
1310204797
1310220825
1310204917
1310204925
1310206245
1310206261
1578640245
1578640217
1578640373
1310335349
1310335293
1310335353
1310335357
1310335413
1310335477
1310335485
1310404988
1327108815
1327110270
1327126590
1327126650
1327114740
1327161750
1578770933
1578767100
1578785010
1813537305
1813516995
1813521405
2081956697
1813651829
1813651773
1813651833
1813651837
1813651893
1813651957
1813651965
2082087413
2082101490
1815618513
2099815191
2099831325
1847075669
1847075677
1847075797
1847075805
1847107965
1863852921
2115511157
2115511221
2115511253
2115511285
2115524850
2115543413
1847206269
1847206389
1847206397
1276928537
2101911863
2101911927
2135466359
444798254
444814874
445863450
680740634
680727524
697521690
949162980
699491730
981579284
982627860
414603034
414610714
414610968
414611224
414611226
444928628
444928756
444930676
444961396
445077018
446977818
446985498
448022298
448026394
448029978
448034074
448034584
448034586
448029393
448022418
448034449
463745733
463762053
463760403
447116570
680858468
680858476
680871706
680879386
680858596
680860516
680891236
949294052
949295972
949326692
681002778
681851927
681890327
682890835
682890843
682900503
682892883
682968978
698667543
698705298
699668043
699680538
699670083
950287383
950325783
951326291
951326298
951326299
951338778
951328338
951328339
967054923
967062213
967102999
981799668
981800628
981801588
981832308
715406359
715444759
716454935
732221975
983841815
983880215
1000657431
415438658
415438786
415440706
415471426
417537858
417568578
449009178
684810616
684814712
684808082
700544312
700533106
700537202
952210036
952210292
952210996
952211252
952211026
684942738
700671378
952311618
952342338
702637458
718365048
734091558
734087538
985773588
417826770
418797338
418805018
418805528
418805530
451172122
451179802
451180695
451197975
452220698
452228378
452228888
452228890
452227523
467989320
685199250
686046231
686046239
686078999
687094807
687094815
687127575
703861455
703876890
703875975
703883655
703884165
703902540
954481687
734393220
719600663
719600671
720649239
720649247
988036119
497187649
513962375
513962885
515011461
747729272
764506488
495227639
495333692
481571537
528782071
512199540
528888188
528904508
528904568
515171025
747905340
747910008
747901635
747917985
764686712
1015300410
1015300920
1015304760
1015294260
748091730
764866950
764868690
748999185
748999187
748999191
748999199
749001239
765776403
765776407
765776415
765778455
1017434643
781458033
798241485
798251250
798290760
798269910
798286230
798286290
1048844913
1048891987
1065628140
1065644460
1065644520
1065642135
1065634290
1065669203
1065677400
782553619
782553623
782553631
799330839
799330847
482484540
482488636
499265852
499267937
501410625
516043068
516043132
516059452
516061575
516084135
517141080
532820348
532836668
532836728
532838933
518156679
518157189
518158727
518189447
751907192
751923512
1019353923
1019362113
1019353455
785506680
482750780
484718615
484718675
484734995
1233327698
1233330556
1233327706
1233346876
1233327826
1233329746
1233360466
1501763282
1501765202
1501795922
1235318552
1236367128
1236416328
1236406983
1236408903
1236417093
1487057733
1488090648
1488089793
1488078738
1488102213
1488106309
1251046712
1251026836
1251030932
1266771736
1266775832
1266760052
1518441316
1518441826
1518441842
1518442306
1518442322
1518442354
1251161478
1251161988
1518540078
1253123988
1268868888
1268872984
2022815252
2038550882
1754469348
1754490258
1770201468
1770198618
1770222618
1770198738
1770200658
1770223924
1770231378
1787916588
1233461564
1235678100
1236726660
1236727830
1267149300
1520703135
1754742660
1754746770
1770465780
1770477810
1755632145
1755632147
1755632151
1755632159
1756632659
1756632667
1772409363
1772409367
1772409375
1773429135
1773423135
2024067603
2025068123
2025087375
2040816015
1803889140
1789186579
1789186583
1789186591
1805963799
1805963807
1240619595
1240612740
1240658520
1240648470
1240656150
1240656660
1491252037
1492278810
1492286490
1492287000
1492266900
1492281735
1492300613
1492317000
1255405650
1273095960
1758678930
2028060180
1283608995
1283633475
1283674530
1284643425
1284682051
1300370279
1300370287
1300370407
1300386210
1300386211
1300370415
1300372065
1300410691
1301459267
1552032060
1552044450
1552044451
1552028655
1552068931
1553117507
1568805735
1568805737
1568805739
1568805743
1568805797
1568805799
1568805863
1568805871
1285730625
1285730627
1285730631
1285730639
1285730759
1286779203
1286779207
1286779215
1286779335
1302475083
1302507843
1554133383
1554166083
1317163427
1317163431
1317163439
1317196199
1333940643
1333940647
1333940655
1333973415
1334977020
1334975055
1334978775
1334995095
1334995155
1335022170
1585598883
1585598887
1602360231
1820504385
1820504387
1820504391
1820504399
1821552963
1821552967
1821552975
1837241189
1837241197
1837281603
1838293455
1838311455
2089969695
2105676647
2105676651
2105676653
2105676655
2105698335
1822601539
1822601543
1822601551
1823650119
1823650127
2122421106
2122437090
1568969271
1568969335
1602523703
1602523767
2105840183
2105840247
1822741011
2139394679
1856295447
1856295455
1873072671
1287803299
1287827779
1288876355
1304580515
1304604995
1556238755
1556263235
1289924931
1321357731
1824698691
1826795847
1826795855
1827844431
447510611
464287827
701064594
701061174
451704855
516583815
1251554694
1251567924
1520990231
1537767447
1754863494
1754871684
1770592374
1770608754
2450736922
2450745652
2704369042
2704431939
2450861492
2450999066
2451007796
2451855130
2451862810
2452910785
2452907410
2452911250
2452911251
2452912705
2452896798
2452897308
2452913178
2452913688
2452972946
2468635525
2468624917
2468624919
2468620881
2468625941
2468625943
2468637265
2468625949
2468625951
2451993882
2719307290
2736225576
2721340947
2721340955
2737061397
2737061405
2988719645
2988735005
2988727835
2988735515
2988736025
2989776403
2989776411
3005495829
3005496853
3005496861
2437107122
2439148417
2439148481
2439144850
2439149441
2439150529
2439151489
2439210386
2440181697
2440196801
2440197761
2440183489
2440183745
2440198849
2440199809
2454786996
2454788020
2454803380
2454790068
2454805172
2454805428
2470518130
2470526290
2470526322
2470518258
2470526402
2470526418
2470526450
2454939956
2473754241
2705409938
2705413778
2705414034
2705422226
2706462354
2973842930
2973858290
2973846962
2973850802
2973851042
2973851058
2973855122
2973858962
2973859202
2973859218
2973859250
2973859314
2705551660
2705544730
2705552410
2705553700
2705538258
2705538498
2705538514
2705554578
2705554818
2705554834
2706584696
2973978034
2973981874
2973986194
2708563346
2707560267
2707562315
2708609859
2708626243
2723222332
2723223356
2723238712
2723238716
2723225404
2738967352
2738967400
2738967416
2738952486
2738960754
2738953586
2738961746
2738961778
2738968870
2738953714
2738961874
2738961906
2740019576
2740025636
3007396210
3007389042
3007397202
3007397234
3007389170
3007397314
3007397330
3007397362
2439406994
2456108422
2456124802
2457080519
2457100739
2457101459
2457101714
2457107009
2457099802
2457091717
2457107077
2472809159
2472830999
2472835095
2472835649
2472831007
2472835103
2705793404
2705805884
2705806394
2705806874
2705800530
2705815844
2705800552
2705815912
2705812882
2706864488
2707765080
2707766872
2707783192
2708831768
2723501594
2739216764
2739239204
2739230834
2739230962
3007666418
2992929819
2517854516
2519888259
2771524419
2771540803
2517903668
2517924465
2517924593
2518051124
2535725591
2535741975
2752778947
2769556163
2769561908
2769570098
2769711404
2769703544
2769703672
2769693044
2771661341
2771677725
2771675227
2771679307
2771679323
2786343505
2803134764
2803118797
2803112561
2803116404
2803128674
2803128899
2803128929
2803128945
2803132477
2803136572
2803136573
3054778961
3054778993
3054794865
3054795329
3054794993
3071564401
3072612887
2487361852
2487365948
2504155793
2504141108
2504145188
2504145189
2504145191
2490511815
2520996022
2521004212
2521981319
2521985415
2521985729
2521981327
2521985423
2521963079
2537714369
2537697772
2537691719
2537711909
2537711924
2537712149
2537707747
2537715907
2772572993
2772572995
2772589379
2773621571
2773637699
2773637955
3041016101
3041016103
3041032484
3041032485
2774670147
2774686531
2775735107
2806151461
2806151469
2487623996
2487628092
2756973251
2790537329
2792650775
2792650783
2808379415
2808379423
2809427999
3241297810
3241305483
3241309578
3241309579
3241286215
3241294405
3255904628
3255908708
3255908724
3272685924
3524341172
3524345012
3524345252
3524345268
3524345780
3524356532
3524360372
3524360612
3524360628
3524361140
3524362164
3256043290
3256047288
3256055448
3256035700
3256039780
3256039796
3272832664
3524478746
3524487476
3524476324
3524491684
3777109835
3777117515
3777118025
3777125195
3777132875
3777133385
3778157379
3778173763
3778166601
3778181961
3241555784
3241571354
3241559954
3241557832
3256299884
3256300844
3256300874
3256305434
3256308660
3256317074
3256309432
3256317592
3256314292
3273094808
3258192593
3258200785
3258200789
3274977941
3274978001
3274977989
3274978005
3526653074
3526653075
3793056044
3242406188
3245503514
3245486789
3245487764
3245487809
3245488065
3245492114
3245499787
3245503882
3245503883
3245496907
3512890241
3512890049
3512891265
3512893313
3513923521
3260093364
3528528820
3260237594
3260233604
3260249234
3260235652
3275960684
3528671108
3278009217
3278010241
3279058817
3779294234
3781302091
3781304139
3781312329
3781319499
3782368067
3306236212
3308400971
3308417355
3308413837
3308417677
3308417933
3323155320
3323155432
3323163112
3339940328
3325194627
3325194631
3325194639
3341971847
3341971855
3306435205
3306435221
3306432820
3308532373
3323212413
3323212541
3339989653
3325309649
3826529021
3826545341
3826545401
3843306133
3843322617
3876860537
3309449703
3309449711
3561107951
3561124271
3561124331
3577885093
3577885095
3577885159
3577885167
3611439527
3329388935
3329388943
3345117575
3345117583
3346166159
2435458379
2451063357
2451063612
2451063613
2451060132
2451071367
2199541274
2451194759
2451204404
2451261210
2451269940
2453153565
2453168519
2972214929
2972215185
2973263505
2973263761
2719577384
2736277019
2736289064
2736354600
2987934269
2987934524
2987934525
2987943449
2987943705
2990024477
2990040857
2435720523
2435737923
2451383732
2451385652
2199803418
2451445578
2451466548
2469143703
2704106778
2972477073
2719839528
2736551208
2988205593
2988188853
2437424507
2437425527
2437629362
2437631282
2439521611
2439521626
2439521627
2439669138
2186822197
2186822453
2186822205
2186822460
2186822461
2186822325
2186822565
2186822581
2186824245
2186824501
2186887996
2202543427
2202543443
2202543475
2202543435
2202543450
2202543451
2202543483
2202543555
2202543571
2202543603
2202545235
2202545475
2202545491
2202545523
2202608986
2455246426
2455246546
2455265671
2455266181
2455262386
2455247986
2455267441
2470974316
2470975396
2470995841
2470976356
2470979959
2470984996
2470995991
2470996051
2187015468
2202740058
2203735578
2455377738
2455389063
2455390098
2455398273
2455398708
2471118258
2471127123
2471120178
2188977948
2457362823
2457363333
2473092993
2705877045
2706912376
2706908761
2706909001
2706977912
2974295371
2974295386
2974295387
2974295419
2974296439
2974312471
2974309426
2707043448
2707040073
2974434723
2709006161
2709006153
2709021513
2709006033
2709007953
2709008209
2976392523
2976392538
2976392539
2739414355
2739429715
2739414363
2739429723
2739414483
2739429843
2739419508
2739416403
2740458108
2740458228
2740460148
2992117338
2992116708
2992120773
2992125828
2992117458
2992138353
3007845228
3007850388
3007858098
3007847268
3007850871
3007866903
3007866963
2437687319
2437813052
2172536715
2455507892
2455641930
2471367420
2974683900
2739681588
2739681652
2739681780
3008107260
3008113140
2518172221
2518172476
2518172477
2518296948
2518313268
2520269719
2786616145
2786616273
2803393361
2803393393
2803393473
2803393489
2803393521
2803387249
3055035213
3055043133
3055043388
3055043389
2266900605
3021882045
2504540475
2504534327
2504534391
2504534519
2236229940
2487887895
2487904275
2253930930
2253932850
2538094907
2538088759
2538088823
2538088951
2757255555
3041411387
3041405237
2789753265
2789753267
2789761457
2789753271
2789761461
2789753279
2789761469
2790810033
2806530483
2806538673
3058188723
3058196913
3058188727
3058196917
3058188735
3058196925
3509200203
3256378755
3273147001
3273147241
3273152296
3273217832
3524805181
3524805436
3524805437
3524801956
3524813191
3256567578
3273283368
3524936583
3524946228
3526895389
3526910343
3526903698
3526903699
4045956753
4045957009
4047005585
3793319208
3810018843
3810030888
4061676093
4061676348
4061676349
4061685273
4061685529
3793368920
4063766301
4063782681
3509464395
3256623555
3525189450
3793583400
3511166331
3511166459
3511292732
3245876177
3260560244
3260551740
3260560308
3260555715
3260560372
3260557665
3276296760
3276281910
3276286260
3276290100
3528987572
3260700562
3260702610
3529121610
3529133970
3261607185
3261607187
3261607191
3261623571
3261607199
3261623579
3278384403
3530042643
3530042647
3530059027
3530042655
3530059035
4048037243
4048037371
3779818680
3782750033
3782749905
4050134363
3797442993
3813171633
4065862605
4065859290
4065861210
4065869700
4065861330
4065872370
4081587180
4081589100
4081601115
4081589220
4081594260
4081604850
3798478099
3798478103
3798478111
4066913559
4066913567
3260814260
3779875640
3306705464
3558369585
3575146801
3290063385
3558500657
4095240497
3844630803
3860358033
3877135281
3877127153
3877129185
4128785213
3309848882
3578282299
3863495091
2173843393
2173920658
2441246337
2441287498
2442278849
2442294913
2175940545
2176017810
2443343489
2444376001
2444392065
2207409554
2207475090
2474788274
2474800769
2474853810
2475849345
2710660498
2709665609
2709672824
2709738104
2709738360
2710717304
2710723139
2710723395
2710782840
2978103779
2978104259
2978108834
2978158410
2978174370
2712757650
2712820547
2727417524
2994820394
2995852980
2173059427
2173059435
2173059945
2173059555
2173060035
2173061475
2174108521
2174105537
2174113697
2174182802
2441487173
2441483116
2441487181
2441488216
2441492296
2441496346
2441504536
2442536222
2442536732
2442544922
2442553112
2175211458
2176202433
2176202689
2190742231
2190743191
2190758551
2206471732
2206471733
2206471735
2206471740
2206471741
2206471743
2206471830
2206471831
2206471860
2206471861
2206471863
2206473270
2206473271
2206473780
2206473781
2206473783
2206549786
2206549906
2207532856
2207520406
2207520407
2207540626
2207598392
2207606162
2458146915
2458211236
2459195491
2459259812
2474906405
2474906465
2474907188
2474907189
2474907429
2474907191
2474907459
2474907489
2474915139
2474915649
2474922548
2474922549
2474922789
2474922551
2474907196
2474907197
2474907437
2474907199
2474907467
2474915146
2474915147
2474915401
2474915657
2474922556
2474922557
2474922797
2474922559
2474919211
2474907286
2474907287
2474907316
2474907317
2474907556
2474907319
2474911636
2474922647
2474922676
2474922677
2474922679
2474919346
2474916421
2474916677
2474908726
2474908727
2474909236
2474909237
2474909477
2474909239
2474909507
2474909537
2474917187
2474917697
2474924836
2474924837
2474984882
2207671698
2458326318
2458326948
2458342308
2458328358
2459309988
2459317383
2475041111
2475041103
2475041119
2475041223
2475043143
2192840343
2208568983
2209617558
2209617559
2710913912
2978289242
2709919555
2709919563
2709934968
2709921603
2710000248
2710000488
2710000504
2710979448
2710980378
2710984488
2710972308
2710985283
2978355011
2978354028
2978358093
2978358558
2978363208
2978358678
2978357059
2978371623
2978368279
2726565527
2726565557
2726566007
2726566517
2727630355
2727630363
2727614583
2727632403
2727695898
2743343223
2743343733
2743424808
2744403483
2744391799
2744408118
2744405523
2995000983
2995001013
2995001463
2995001973
2995066518
2995066548
2996065811
2996065819
2996061753
2996067859
3011778378
3011790363
3011781573
3011778679
3011779189
3011779191
3011783493
3011794998
3011795058
2729727507
2729727515
2729729555
2998162971
2998165011
2178037697
2178114962
2445432737
2445440641
2446473153
2446489217
2180134849
2447537793
2448570305
2462143396
2462144146
2462144402
2463191972
2478904690
2478904442
2478904562
2478904818
2211603858
2478995073
2464241298
2713801336
2713802296
2714854802
2714904468
2714917443
2714917699
2982286443
2982303138
2982304579
2715948867
2715948875
2715950915
2717014851
2984386371
2984401731
2731627316
2731611828
2731629108
2731629364
2747339898
2999014698
3015775730
2180396993
2479100717
2479117097
2479102757
2479102817
2195146680
2714113859
2714112843
2714121033
2714113867
2714129208
2714115907
2714115915
2715168660
2982551363
2730760305
2730760307
2730760311
2730760319
2747537523
2747537527
2747537535
2748588495
2999195763
2999195767
3000246735
3015975375
3015972983
3015973455
2508346148
2508346149
2508346151
2508346156
2508346157
2508346159
2508331366
2508331876
2541900581
2541900583
2541900588
2541900589
2541900591
2777815623
2777815879
2777832003
2777832259
3045200868
3045212643
3045213123
2779929411
2508476987
2508477051
2508477179
2508462135
2240168475
2240170515
2491830840
2257852995
2542031417
2542016567
2761169010
2761185330
3045347899
3045347963
3045348091
3045333047
2793674865
2793674867
2793675377
2793674871
2793675381
2793674879
2793675389
2794723953
2810452083
2810452593
2810452087
2810452597
2810452095
2810452605
3062110323
3062110833
3062110327
3062110837
3063157493
3078887543
3078888053
2497851847
2498900423
2278693095
2529325443
2765246819
2765246827
2780961603
2780977987
2782026563
3033682283
3033678315
2783075139
2512656439
2797869171
3246544440
3246544696
3246609016
3246609272
3247584961
3247588247
3247596437
3247596439
3247653752
3514988161
3515029322
3516020102
3516020612
3516036737
3249686418
3517085313
3281086232
3280097703
3280098213
3280107393
3281151873
3281155969
3548530098
3548542593
3282204545
3283253121
3783407433
3783414648
3783479928
3783480184
3783477018
3784459128
3784464963
3784465219
4051845603
4051846083
4051850658
3786562371
3801159348
4068562218
3246797639
3246789180
3246789436
3246797131
3246797643
3246797647
3246793155
3246791205
3246799171
3247846215
3247845707
3247846219
3247846223
3247842587
3247842707
3247847747
3247844627
3515224892
3515229467
3515229587
3515231507
3248896323
3280232835
3280214595
3280214851
3280218195
3280222275
3280222531
3281263427
3281271107
3532070190
3535041675
3783661379
3783660348
3783660363
3783668553
3783661387
3783676792
3783663427
3783663435
3783742328
3784724250
3784716180
4052095980
4052100510
4052098883
4052102430
4052107080
4052109855
4052102550
3800307351
3800307381
3800307359
3800307389
3801372179
3801372187
4068742807
4068742837
4068742815
4068742845
4069807643
4085523405
4085525325
4085522250
4085540895
4085525445
4085533110
3803469339
3250721340
3250721596
3519157052
3519173537
3521281665
3268481972
3268483892
3284300163
3284300673
3284292007
3284301697
3284292015
3285350273
3286398849
3787592508
3787595107
3787595115
3787610955
3788659523
3788648340
4056030563
4056046403
3789690699
3789692739
3789692747
3789708107
3805355828
3805371188
3805355700
3821082098
3284409155
3284416835
3297923490
3297923491
3566358947
3582087977
3582087979
3567399303
3615642411
3615640365
3313781267
3302117795
2458411399
2458411909
2459452220
2459459975
2459460485
2459583367
2461557127
2461557637
2710065784
2710066024
2710066040
2710131320
2710131560
2710131576
2710197112
2710262392
2710262632
2710262648
2711241592
2978628547
2996323132
2173584233
2173584323
2174632809
2190295350
2190296370
2190295358
2190296378
2190295478
2190296498
2190297398
2190298418
2207073594
2207074074
2207073714
2207074194
2207075634
2208057144
2458673543
2458674053
2458666418
2458730934
2458731954
2458732854
2458733874
2710327928
2710328168
2710328184
2710324523
2710393464
2710393704
2710393720
2710459256
2710524792
2179482387
2179482195
2179482451
2179483155
2179483411
2179482203
2179482459
2179483163
2179483419
2179482323
2179482579
2179483283
2179483539
2179484243
2179484499
2179485203
2179485459
2447917907
2447918867
2447917779
2447918035
2447918739
2447918995
2447919699
2447919955
2447920659
2447920915
2195211068
2195211173
2195276604
2462605703
2462606213
2462598833
2462599089
2463654279
2463654789
2479376289
2714260088
2714260328
2714260344
2714256923
2714257179
2716353363
2716354323
2716353371
2716354331
2716355411
2716356371
2984790867
2984791827
2526561084
2528658207
2528660247
2797093663
2797095703
2798141879
3066577335
3247068728
3247068984
3247133304
3247133544
3247133560
3264767363
3532153223
3532153733
3532148663
3533194044
3533201799
3533202309
3783807608
3783807848
3783807864
3783806843
3783873144
3783873384
3783873400
3783938936
3784004472
3784201080
3790095195
3790096155
3790097235
3790098195
3868738335
2551386988
2553419655
2553427334
2586974087
2819831384
2819831640
2836604760
3088257900
2283152917
2283152925
2283152985
2283153045
2283154005
2283154965
2299930201
2299935857
2299943537
2300012852
2551595603
2551587196
2551584346
2551595611
2551595896
2551599736
2551603576
2568364412
2568372542
2568372602
2568380792
2553558098
2553558099
2553558106
2553558107
2553550486
2553550546
2569414593
2569416513
2333366897
2333436212
2585017457
2585032801
2601802353
2601810017
2333497923
2333497969
2585141628
2585138733
2585158008
2585146053
2602841621
2602841623
2602837533
2602841628
2602841629
2602841631
2602839573
2602843668
2602843669
2602843671
2819896680
2819896696
2819962696
2819962712
2836670807
2836670839
2836683361
2836687187
2836687219
2836735832
3088349281
3088388732
3105118262
3105118322
3105126497
2820018711
2820018771
2820018775
2820023571
2820023575
2820035091
2820035095
2820038965
2820035155
2820038995
2820018783
2820023583
2820035103
2820038973
2820035163
2820039003
2820018903
2820039093
2820039123
2820025623
2820093528
2820093768
2820093784
2820095508
2836795959
2836799799
2836796019
2836799859
2836795991
2836796021
2836796023
2836799831
2836799863
2836816179
2836807991
2836812311
2836816181
2836816183
2836812371
2836816211
2836816243
2836795999
2836796029
2836796031
2836799839
2836799871
2836804638
2836801113
2836807998
2836807999
2836812319
2836816173
2836816188
2836816189
2836816191
2836812379
2836816203
2836816219
2836816251
2836796119
2836796149
2836796151
2836799959
2836799991
2836804758
2836808119
2836816293
2836816309
2836816311
2836816323
2836816339
2836816371
2836801908
2836801909
2836810038
2836810039
3088459031
3088466231
3088458108
3088459039
3088455258
3088466239
3088466523
3088466808
3088470648
3088474488
3088454343
3088458183
3088466343
3088466359
3088470663
3088459863
3088460823
3088461079
3088457283
3088468279
3088468503
2822055768
2837724183
3106149978
3106158153
3106159173
3106159638
3106159639
2853512988
2853515028
2870223228
2870231418
2870233458
3121888369
3121903713
2871278615
3139714071
2287080802
2287080803
2287080810
2287080811
2287080870
2287080871
2287080930
2287080931
2287081830
2287081831
2287082850
2287082851
2287149436
2287151476
2302810471
2302810951
2302818631
2303862136
2303859046
2303859047
2303879476
2303927672
2303945012
2554476165
2554543186
2555515445
2555515447
2555519287
2555515505
2555515507
2555519347
2555515509
2555515511
2555519351
2555516465
2555516019
2555516258
2555516259
2555516529
2555524179
2555524418
2555524419
2555531825
2555531827
2555531829
2555531831
2555531889
2555531891
2555515517
2555515519
2555519359
2555520061
2555516027
2555516266
2555516267
2555524187
2555524426
2555524427
2555531836
2555531837
2555531839
2555531881
2555531897
2555531899
2555515637
2555515639
2555519479
2555516326
2555516327
2555516147
2555516386
2555516387
2555516657
2555524306
2555524307
2555531957
2555531959
2555531971
2555531987
2555532017
2555532019
2555517286
2555517287
2555525447
2555522356
2555518066
2555518306
2555518307
2555526466
2555526467
2555529586
2555587892
2571253381
2571320402
2556630918
2557621571
2557613959
2557621638
2557622148
2557623618
2557623619
2573342531
2573342658
2573342659
2573344578
2573344579
2587965796
2587965812
2587966546
2589005620
2589005612
2589007652
2589007668
2604743762
2320635303
2337433908
2588039703
2589069879
2589073719
2589069939
2589073779
2589069941
2589069943
2589073783
2589070451
2589070961
2589078611
2589086259
2589086261
2589086263
2589086321
2589086323
2589069949
2589069951
2589073791
2589070459
2589078618
2589078619
2589086268
2589086269
2589086271
2589086313
2589086329
2589086331
2589070069
2589070071
2589073911
2589070758
2589070759
2589070579
2589071089
2589078738
2589078739
2589086388
2589086389
2589086391
2589082323
2589086403
2589086419
2589086433
2589086449
2589086451
2589071943
2589084243
2604798663
2604798679
2604810903
2604812823
2590119815
2591168391
2840682872
2823951063
2840736108
2840728263
2840728279
2840733153
2840744583
3092386428
3092390268
3092390269
3092398713
3092406648
3092386503
3092391318
3092398518
3092398983
3092402823
3092406663
3092387958
3092393268
3092388978
3092400498
3108141093
3110215491
2857441076
2857441068
2857441084
2857443108
2857443124
2873169266
2873177426
2873177458
2873169378
2873169394
2873177538
2873177554
2873177586
2873171298
2873171314
2873179458
2873179474
2873179506
3124831638
3124835748
3124836708
3124837458
3125878580
2857505495
2874282711
3125944701
3141669591
2303993144
2555652404
2554730550
2554730610
2554731570
2554746915
2336697720
2339643015
2824087575
2824091671
2824087635
2824091731
2824088595
2824092691
2824103985
2824108081
2840868887
2840868917
2840868947
2840869907
2840885297
3091666110
3094619355
2857646103
2857647123
2857647127
2857662513
2857662577
2857647135
2874439793
2888964935
3157400391
2366921265
2618566964
2635356721
2350262805
2367052337
2400475697
2400606833
2653182483
2653182487
2669959703
2920561233
3188996721
3189012705
2354190690
2354190691
2370967907
2638362917
2638362919
2372014923
3175233831
3175249965
2891200535
2891200595
2891216945
3373475672
3625128812
3375510213
3375526533
3627161479
3627169158
3390125416
3390125896
3406915892
3390255468
3390271848
3392280455
3660715911
3893573208
3893573464
3356774953
3356774969
3356764693
3373544069
3373544085
3625200149
3356889653
3356889661
3356889721
3356906025
3356889781
3373666937
3625325237
3625329107
3358861845
3375641237
3375633107
3390321269
3390321277
3390316995
3390321397
3390321405
3390319125
3407098517
3658756725
3658756853
3390444149
3390444093
3390444153
3390444157
3390444213
3390444277
3390444285
3407235570
3658879733
3392418513
3392418517
3408147989
3408147997
3409195733
3676583447
3676583451
3676583453
3676583455
3676581405
3893645865
3893645881
3893637885
3893635605
3910414997
3893760629
3893760573
3893760633
3893760637
3893770072
3893760693
3893760757
3893760765
3893835608
3910541820
3910552050
4162196213
4162200015
4162208190
4162212600
4162199130
4162210110
4162210230
3927185077
3927192285
3927185085
3943969401
3943969493
3943975410
4195627637
4195627701
4195627733
4195627765
4195620533
3927315069
3927315189
3927315197
3359774595
3359775075
3359840610
3360823171
3360842145
3376558439
3376550460
3376558447
3376558567
3376551811
3376558575
3376552290
3376552291
3377600387
3628210051
3628229025
3628216815
3628210530
3628210531
3629258627
3644993895
3644993897
3644993899
3644993903
3644993957
3644993959
3644994023
3644994031
3361871745
3361871747
3361871751
3361871811
3361871759
3361871819
3362920323
3362920327
3362920387
3362920335
3362920395
3378647883
3378648963
3630306183
3630307203
3630307207
3630307267
3631355783
3631355843
3647086403
3410048370
3410048498
3393329025
3393329027
3393329031
3393329039
3394377603
3394377607
3394377615
3411167775
3661764483
3661764487
3662813063
3662811855
3662826015
3678548391
3678554655
3395426179
3395426183
3395426191
3396474759
3396474767
3663861639
3896645987
3896645991
3896647011
3896645999
3896647019
3913429349
3913429357
3913423203
4165081443
4165081447
4165082467
4165081455
4165082475
4166128380
4166148495
4166140635
4166142555
4166135190
4166142675
4181864807
4181864811
4181864813
4181864815
3931184948
3946919282
3946919346
3946911218
3946919378
3946919410
3946913250
3440652949
3457430133
3457430141
3457430261
3457430269
3725865589
3725865717
3960746749
4262736629
3443667303
3443667311
3443667431
3443667439
3695325679
3712102759
3712102763
3712102767
3712102823
3712102887
3712102895
4248973679
2553946957
2587371292
2587371293
2820224600
2820224840
2820224856
2820355672
2820355912
2820355928
2839029457
3124242205
2283677273
2283678293
2300454489
2820420968
2820420984
2820486744
2820486984
2820487000
2820618072
2286626070
2286626100
2286626078
2286626108
2286626198
2286626228
2286628118
2286628148
2287673724
2287674684
2287674804
2287675764
2287676724
2304386424
2554998068
2555013143
2555013203
2555061654
2555061684
2555063574
2555063604
2573739354
2336761178
2336762963
2336826714
2588421473
2588421489
2588421491
2588436503
2588436563
2589469809
2605213719
2605213779
2840094773
3091752983
3091753043
3091738103
3108513114
3108530199
3108530259
2842173783
2842173791
2842175831
3110609247
3110611287
3125291381
3125292401
2383946085
2383946101
2383946565
2383946581
2383946613
2383946093
2383946109
2383946573
2383946589
2383946621
2383946213
2383946229
2383946693
2383946709
2383946741
2383948133
2383948149
2383948613
2383948629
2383948661
2652381557
2652382037
2652382069
2652381669
2652381685
2652382149
2652382165
2652382197
2652383589
2652383605
2652384069
2652384085
2652384117
2920817013
2920817493
2920817021
2920817501
2920817141
2920817621
2920819061
3189252981
3189252597
3189253077
3189253109
3357156413
3357161048
3357161288
3357161304
3357226584
3357226824
3357226840
3390579053
3390579069
3390579581
3390584408
3390584648
3390584664
3390715736
3661113117
3893900888
3893901128
3893901144
3893897213
3893966424
3893966664
3893966680
3894032216
3894097752
3927449981
3894294360
3395824919
3664260375
3915915615
3932695831
3457688437
3457688445
3457688565
3726123893
3726124021
3994558845
3994559325
3994558965
3994559445
4262994933
2561808263
2561815942
2561816452
2592281902
2595362695
2828211172
2843940802
2293503555
2293503570
2293503571
2293503563
2293503578
2293503579
2293503683
2293503698
2293503699
2293505603
2293505618
2293505619
2561939027
2561939019
2561939034
2561939035
2561939139
2561941059
2561941074
2561941075
2324959959
2324960919
2340689558
2340689559
2340690998
2340690999
2341738134
2341738135
2592364643
2592412404
2592414324
2593413219
2609125014
2609125015
2609126454
2609126455
2327058071
2342786711
2343835287
2828279363
2828279379
2828294198
2828294258
2844007973
2844007989
2844007991
2844022838
2844022898
2845071414
2845071474
3095681078
3095681138
3095666303
3096714819
3096714835
3112442469
3112442485
3112442487
3112443429
3112443445
3112443447
3112458294
3112458354
2830374483
2830374491
2830376531
3098809947
3098811987
2860783255
2860783735
2861832311
2877560951
2878609527
3129218711
3129219191
3145996407
2295469478
2295469479
2295470438
2295470439
2311199079
2311199559
2312247654
2312247655
2562864773
2562922434
2562924354
2563904934
2563904935
2563905894
2563905895
2579641989
2566002567
2329023911
2597459367
2598508423
2864978039
2881755255
3133413495
2374111845
2374112100
2374112101
2374112103
2374111853
2374112108
2374112109
2374112111
2374111973
2374112228
2374112229
2374112231
2374113893
2374114148
2374114149
2374114151
2642547557
2642547559
2642547309
2642547564
2642547565
2642547567
2642547429
2642547684
2642547685
2642547687
2642549349
2910983013
2910983021
2910985061
3179418471
3179418477
3179418479
2897353543
2927892599
2944669815
3196328055
3365025158
3365025668
3365016803
3365017059
3380744933
3380745189
3380745191
3380753798
3380754308
3381802374
3381802884
3632412038
3632412548
3632404463
3633460614
3633461124
3633452259
3633452515
3633452739
3633452995
3649180389
3649180645
3649180647
3635550087
3400669063
3904116315
3934525079
4202960535
3370260359
3371308935
3638695815
3401717639
3402766215
3670153095
3403814791
3905034599
4173470055
3447853927
3447853935
3447854055
3716289383
3716289391
3716289511
3984724845
4253160303
