558176310
558700598
622613048
893927738
893935928
643309913
1094334280
1631074120
1130906393
1696092728
361120283
914641555
931418771
381841795
381841799
1116944260
1384331140
1385379716
1102722888
1117468548
1384855428
1639462728
1642611483
1642613523
442791959
474355766
743712851
743716947
451164183
451180563
451180567
516059523
516059527
2451063447
2451063687
2451063703
2455257751
2455257991
2455258007
2470979671
2470979911
2470979927
2705860983
2974296151
2974296391
2974296407
2739415383
3007850583
3007850823
3007850839
3524805271
3524805511
3524805527
2458130551
2458131063
2474907766
2474908276
3011778678
3011779188
3787594563
2459452295
2463646599
3247063418
3264758423
3264758679
3533194119
2554468231
2555516806
2555516866
2820417308
2605197399
2840078663
2840078679
3108513879
2592348279
2592348788
2609125494
2562856839
2562856898
2563905414
