305423762
305489298
555046426
557143578
558982546
558061082
559113618
308635026
308624774
308641154
309618066
309683602
325347411
325351507
558323226
559375762
560289306
560283224
560299544
561337882
561348120
591747126
388254231
605491836
622220136
622285672
624171587
624187971
624191579
624195659
655628867
655645251
356657460
356722996
343024071
373500212
373516596
373512374
373520564
374498181
374502277
390211892
390228276
390293812
376599429
658590066
927025522
373565748
373631284
625220163
626268739
628373587
1091776876
1125198132
1125214516
1125331308
1125340136
1125329204
1125345588
1127379853
1093080906
1094071896
1094137432
1125460276
1108816236
1125607732
1098003141
1112749446
1114711956
1383147412
1160917701
1160930189
1160934029
1175662956
1175671784
1175679464
1192440172
1192456680
557409562
304954390
304987158
304994838
305003028
305948050
305936405
306013586
555570714
556625178
556625688
556648218
557597465
557606290
589132856
589133336
589165624
589166104
840804116
840798004
840806164
307865492
323602802
309962644
558450458
559506714
559506834
559496552
558585370
559625576
559637906
559627624
559658344
560551450
561603866
561636184
828947778
592013080
592045848
844736276
844730164
844738324
594062615
845704475
309159314
309149062
309165442
310125599
310141979
310142354
310158359
310158367
310174747
558847514
560743187
560744211
560742683
560743195
560744219
560742803
560743315
560744723
560745235
560746259
560746267
560813594
561800594
829179667
829178399
829179419
829175174
829168199
829180691
829180439
829181459
829181715
829168207
829180447
829181467
829177222
829209922
592271414
844992308
845000468
622418792
622549864
622580584
891839361
641256215
908618525
622598723
606016124
622744424
357200259
357181748
374040884
374036662
374044852
390742319
390750509
390752564
390775079
390775087
390783277
893932419
893940099
893952309
893952311
893952375
896016731
642263379
642263383
642263391
659040595
659040599
659040607
659145014
910698835
910698839
911753527
911753534
911753535
911749829
911753654
911753662
911747441
911778149
927476051
927476055
374090036
625744451
1092301164
1094268632
1093351368
1093375818
1093391178
1094333125
1094349453
1108943228
1125720380
1125736764
1125734072
1125722420
1125738804
1125869876
1111074070
1379427097
1379428121
1379411868
1379416085
1379416087
1379416145
1379416147
1379416151
1379417105
1379432465
1379432467
1379432471
1379416159
1379432479
1379430169
1379451667
1379451671
1379452691
1379459463
1379463558
1379463559
1379465238
1395144321
1395172165
1630030683
1630115658
1630131018
1631104593
1647888155
1663608605
1664642841
1093605194
1094596184
1109340524
1630345034
1113273734
1397458418
1397473778
1114129299
1114129303
1114129311
1115177875
1115177879
1115177887
1115268374
1382564755
1382564759
1383613331
1383613335
1399334167
1399334174
1399334175
1399336214
1399347779
1399336222
1399375379
1902691859
1902692115
1650042644
1665778034
1667778323
1667778331
1667780371
1667780379
1936205087
1159274812
1410867997
1159340409
1159342388
1412965149
1444422429
1176117557
1176117621
1176117533
1176117565
1176117625
1176117629
1176117653
1176117685
1176117749
1176117757
1176119573
1176187244
1192913204
1444553077
1444553039
1444553069
1444553141
1444549319
1444553159
1444553189
1444553205
1444549327
1444553167
1444553197
1444567094
1444567222
1444598452
1947738909
1679495804
1696211321
1681400725
1949836061
1949836181
1712858005
1981293341
1981293461
1981325669
1981325685
1447584191
1699258751
1967677755
311808932
311924644
311940004
312760210
312829330
313812370
313877906
313867924
329537410
329570178
563435034
563459672
830823602
565532186
565556824
596997176
596997656
597029944
597030424
847625748
598006295
849663515
314791450
316757906
316759698
316759938
316759954
316786578
316790674
567371154
566449690
567502226
568409170
568409426
568441938
568442194
568453458
568457538
568457554
599864632
851546932
314917178
315053594
317023634
318006674
333736019
333740115
566564918
566711834
566695154
566711474
566727794
566727922
566744242
568677914
568671832
568688152
569736728
851785304
851788274
851789234
851782004
851790194
851791154
851787352
851782132
851790322
851791282
851820052
360958802
394380242
379747205
380795781
380826501
897670130
630452584
914445096
361122323
379884115
379884119
379900499
396661331
396661335
396673619
396677715
897986924
897991259
897991379
897991387
898011749
615789085
615789145
615789149
615805465
615805469
615805529
615821917
615838237
615838297
632576579
632580187
632584267
899977751
664031857
664027889
664031969
664031985
664033859
664060529
664064625
664060657
664064737
664064753
665115159
350368199
350386567
350400967
351412679
382886789
382890885
384988037
918655346
381954356
633608771
1099142738
1100165484
1367578194
1367590802
1102149272
1101239890
1369675346
1116813196
1132581466
1133602232
1133606328
1133586740
1133603124
1384204726
1385290292
1385290548
1401001922
1401001938
1401001970
1116942700
1116959208
1133728376
1133728504
1133736424
1133734196
1133761144
1384357158
1385412484
1385427844
1401118114
1401118594
1118910356
1118910348
1118939028
1118943124
1118954388
1118958484
1134655256
1134688024
1386297236
1386325908
1386330004
1386341268
1386345364
1387345812
1387374484
1387378580
1387389844
1387393940
1134720387
1134720395
1134753155
1635981258
1636006196
1636029048
1636037208
1636038738
1669412136
1669436260
1101502034
1102460504
1369872194
1133990648
1134023288
1403306519
1669666514
1669668434
1669687604
1669668562
1669711154
1921369394
1938104018
1106391749
1121138054
1123100564
1390487444
1138914691
1138914699
1138947459
1167200821
1167204691
1167200828
1167200829
1167204668
1167204699
1167200933
1167200948
1167200949
1167204819
1167206739
1168273867
1169306309
1169322435
1169355203
1419915719
1419948487
1420960199
1200773699
1201853319
1704071797
1704075607
1704071741
1704075611
1704071789
1704071804
1704071805
1704075615
1704075644
1704071861
1704075731
1704071909
1704071924
1704071925
1704075735
1704071917
1704071932
1704071933
1704075743
1704075772
1704077651
1704077655
1704093779
1704077663
1704093787
1704124747
1971491429
1434751541
1451528951
1468305973
1703170811
1971622453
1988399729
565798170
313284498
313292823
313353618
314336658
330061698
330065943
563959322
565994898
315315738
566839066
567895322
567895442
566973978
568940058
600401688
600397938
378093938
378094066
378095986
378126706
394871282
394873202
394903922
631784215
631784223
631786263
631816983
900219671
900219423
900219679
900252183
900252439
914964978
914997618
365588867
902321027
902328707
1099667026
1368102482
1101633106
1370068562
1101764178
1102718793
1134117752
1134127412
1117460388
1384847238
1119462678
1639458648
1122517907
1122517911
1122517919
1123566483
1123566487
1123566495
1390953363
1390953367
1392001943
1642644243
1911050003
1676166939
1676168979
1676168987
942839619
406168532
405222790
405224838
405255108
405255558
406203213
438597783
438646150
438648198
438678918
439674513
672502628
689264154
940905020
940921400
940938084
940943732
672633700
941069156
691279427
691279682
691279683
691290899
691290903
691279435
691279690
691279691
691290905
691290907
691290911
691291930
691291025
691291027
691291031
691291039
691288597
691289107
691281475
691281730
691281731
691292945
691292947
691292951
691304981
691281483
691281738
691281739
691292959
691293978
691323665
691319388
691337749
958675525
958702401
974466356
708099095
975484445
976517653
976550421
423869522
410102612
409121605
410166085
410170181
440608052
440608532
440608180
440608660
440616850
440610100
440610580
440610228
440610708
440618898
440644038
676442956
692148346
693200274
693202232
693206328
943795606
944853560
944872052
944872308
960607682
960607698
960607730
676535268
692311338
693319496
693331346
693321544
693352264
944975156
944970724
944974324
944975284
945005876
960715106
960747874
960756034
678508120
678508376
678510168
678510424
678540108
678540888
678541144
694236760
694237016
694238808
694239064
694269528
694269784
695285336
695285592
695287384
695287640
695318104
695318360
945895188
945897236
945927956
945930004
945986375
945987395
947033923
977353060
977376036
440873324
459565139
459569235
693583688
693614408
695481029
725964854
712293399
979695639
473053773
473054029
473076551
473100933
473101188
756119912
1007768120
739457508
739504488
739504968
756250984
756281704
756282184
1007885284
505698839
505706647
505731607
522471959
739742564
756437864
1008112244
741636637
758397461
758397011
758413845
758405699
758446613
1009015319
1009048087
1025788439
789862979
775191069
1042569751
1042602519
474163508
490875188
476222279
476230469
477270855
477274949
477279045
507734324
508715909
508720005
524446004
759265650
759298418
1010923890
1010956658
1027701106
1027733874
1012048199
792807794
1044466034
474294580
474364212
507783476
759437891
1225994604
1226036072
1477655972
1228026565
1228058433
1228062273
1228062529
1479693850
1479731073
1479734913
1479735169
1259415860
1259432244
1242771820
1242799908
1242807588
1259549036
1259557864
1259563316
1244853125
1261597581
2014401080
1746101650
1746130728
1746138408
2014525924
1748123465
2016557901
2016581443
1479942989
1479955994
1479945029
1479945037
1479972419
1243033964
1243029284
1243036964
1243060004
1243062052
1243069732
1765021507
1765032727
1765021259
1765021514
1765021515
1765032731
1765032735
1765033754
1765032851
1765032855
1765041029
1765032863
1765041037
1765023299
1765023554
1765023555
1765034771
1765034775
1765023307
1765023562
1765023563
1765034783
1765035802
1765073437
2016712259
1232222017
1232220869
1232219969
1232223809
1232224065
1232250689
1232254785
1232252737
1232256577
1232256833
1499609411
1514361704
1514350004
1514350484
1514358674
1514361832
1514351924
1514352404
1514352052
1514352532
1514360722
1514394082
1750275044
1750295954
1750276964
1750277092
1750312244
2017699124
2018712548
2019727171
2020775747
1294095179
1294102859
1294103369
1294127947
1294135627
1294136137
1295135429
1295147917
1295151757
1309766580
1309799348
1309880684
1309889512
1309897192
1326674408
1311929229
1311961989
1544819245
1813295861
1547874671
672764772
941200228
672895844
941331300
942257474
673026916
941462372
673157988
942519618
409544468
409544596
409546516
409577236
410593172
410595092
410625812
693708632
693724562
677094708
739873636
1008309092
740004708
474624391
474624901
474626356
475672967
475673477
743031090
759742770
1011401010
776481107
776481111
776481119
793258323
793258327
793258335
1044916563
1044916567
1061693783
474888500
1226518892
1243160956
1259954492
1259956532
1243296108
1513629213
1513633879
1513650199
1746625938
1768434963
1278746963
1278746955
1278746971
1278747075
1278747091
1278779715
1278779731
1547182427
1547215187
2115510773
1833476479
413315909
414360389
414364485
950122004
951228227
412555172
412557092
412587812
428283122
428285042
428315762
414619203
697652762
681850967
682899543
417510213
418554693
418558789
954316308
955422531
451165203
451165207
467957843
686045267
686045271
686045279
687093843
687093847
687093855
702822483
988084247
480424773
481465159
481469253
481473349
478462483
478466579
495239699
495243795
480559635
480563731
497340947
512016915
512021011
528798227
514101843
514101847
514118163
514118227
530879063
530895443
1015333395
1015337491
1032114707
748959827
748959831
748959839
750008403
750008407
750008415
765737043
781456053
1048891923
484610887
484619077
485659463
485667653
516051363
516051367
517108613
753154131
1234383212
1236415173
1488082458
1770198498
2024970051
1520751123
2028115779
1283609475
1283658300
1283658420
1283691060
1300386691
1552044931
1568822147
1285706627
1285706631
1285706639
1302483843
1302483847
1302483855
1554142083
1317163907
1317163911
1317163919
1333941123
1333941127
1333941135
1585599363
1319261059
1319261063
1319261071
1336038279
1336038287
1821471032
1552204307
1568969269
1585746679
2450880932
2450994596
2450996644
2451012004
2452896790
2468624961
2468641345
2721348627
2721348635
2737076757
2737076765
2437119122
2440181441
2470541682
2470541810
2454919076
2454921124
2706466194
2973842642
2705538130
2705538386
2707585865
2708617033
2708619081
2708634441
2738960676
2738977060
2455183268
2470911218
2456042527
2456057887
2456106374
2456122754
2457091094
2472818711
2472815639
2472819735
2472815647
2472819743
2705800274
2707764824
2707781144
2739215474
2739215602
3007651058
2725542931
2725542939
2535737879
2752975484
2769699449
2769699577
2771662931
2771675219
2771679299
2771679315
2786341465
2786341469
2803118621
2803118681
2803118685
2803130969
2788440087
2788456467
2788456471
2788456479
2804185111
2804185119
2805233687
2805233695
2490507719
2520928687
2520936847
2520995894
2521004084
2521977251
2521973159
2521977255
2521973167
2521977263
2537705894
2806073714
3241304973
3241309069
3241291593
3241295688
3272681780
3272698164
3524352932
3256046568
3256033188
3256041348
3272831464
3524468644
3524476804
3524484004
3240564554
3241551689
3241553737
3256308644
3244446539
3245495115
3245499209
3260225444
3260227492
3528662948
3262195604
3308413829
3308417669
3308417925
3323155304
3323162984
3323228793
3323228921
3340006009
3340006137
3309466023
3309466031
3295834499
2182821164
2451325591
2183083308
2469143583
2719836468
2437556551
2439530371
2439530386
2455252321
2455252337
2470987441
2470987697
2202756498
2188911381
2188912405
2188912413
2188912533
2188914453
2974427463
2976393303
2992122993
2992123233
2992123249
2518165621
2518165876
2518296693
2520269463
2803385313
2788705047
2788705055
2788707095
3057140511
3057142551
2772984315
2772969847
2772969855
2789747027
2789747031
2789747039
2790793653
2806524243
2806524247
2806524255
3058182483
3058182487
3074959703
3240826698
3526911769
3526902679
3777566538
3242732563
3242732819
3511168019
3511168275
3244829715
3244829971
3513265427
3276286995
3276287251
3544722707
3261612947
3261612951
3261612959
3262661523
3262661527
3262661535
3530048403
3530048407
3531096983
3779603475
3779603731
4048039187
3781698963
3781700883
3797426553
3813158163
3558351645
3560448797
3591906077
4095222557
3828884373
3860341653
3595067839
3846726139
2173850443
2173843137
2442278593
2175947595
2175940289
2444375745
2173114306
2441484099
2441486147
2207536666
2458196086
2474907466
2474919451
2474919706
2474919707
2474908487
2474916167
2474924086
2209633818
2978356263
2978356773
2726580887
2995016343
2995066998
2996050548
2176996171
2178044747
2178037441
2445432481
2445433411
2446472897
2179093323
2180141899
2180134593
2447530563
2747340146
2747340018
2747340274
2445679427
2479102787
2479110467
2240959307
2243056459
2541896493
2776766823
2776767303
2776842618
2777815143
2777815399
2525254335
2525239927
2525240055
2793689747
2793689751
2793689759
2794721913
2810466963
3062125203
3062125207
3062125215
2246202187
2247250763
3247592267
3249689419
3266389908
3533776788
3246789451
3246797641
3246805816
3247838027
3247846217
3263503410
3280215090
3531873330
3800322707
3800322711
3800322719
3817099923
4068758163
4068758167
4068758175
3252835147
3253883723
3787594083
3250985795
3598996159
3850654459
3867431571
2461549463
2443986819
2190295868
2459714079
2459715099
2459716119
2459717139
2710324538
2710390074
2711373609
2711373624
2445951474
2445952434
2445953394
2445954354
2179482563
2447918019
2447918979
2447918994
2462598803
2462599059
2464696211
2465743767
2526561159
3247130394
3266856851
3535291287
3270001559
3271050135
3538437015
2283215476
2551583285
2551583349
2551583477
2301899357
2316579421
2333356637
2333366881
2585014981
2585017441
2601802337
2585137781
2585137909
2318676573
2335453789
2836673117
2820018741
2820018805
2820018813
2820018933
2836804728
2836796103
2836796133
2836799943
2836810098
2853450333
2870227549
3121885893
2303865196
2554533766
2555515516
2555519341
2555519356
2555519357
2555515607
2555524486
2555531927
2556564423
2589069948
2589073773
2589073788
2589073789
2589070039
2589078663
2589086359
2589084183
3108122988
2366911005
2369008157
2400465437
2385785433
2385785437
2402562653
2903781917
2920559193
2920559197
2937336413
3358855815
3358855831
3358855875
3358855891
3358856835
3358856851
3375633047
3375634067
3359783235
3359842620
3359842680
3359843640
3376560451
3628218691
3644995907
3361880387
3361880391
3361880399
3378657603
3630315843
3630315847
3630315855
3394313012
3896654147
3896654151
3896654159
3913431363
4165089603
4165089607
4165089615
3898751299
3898751303
3898751311
4167186759
4167186767
2585535924
2585536404
2585537844
2585538324
2820481404
2286626138
2571772239
2571772269
2571772359
2571772389
2573740119
2588420453
2588420469
2588420471
2873633141
2618959989
2383948373
2652383349
2652383604
2652383829
2655529335
2907187575
2923964759
2940741975
3192400215
3357156668
3357222204
3373933689
3373933944
3390580601
2293503638
2592413814
2593395317
2593395429
2593395444
2593395445
2593397349
2593397364
2593397365
2609126007
2828278899
2844007013
2844007029
2844007031
2861830773
2861830781
2861830901
3130266357
2562922374
2579633987
2579633859
2579634114
2579634115
2579635779
2579636034
2579636035
2564953031
2848069443
2848069451
2848071491
3116506947
2374113638
2360482631
2628918087
2659457655
2911115895
3365017283
3365017539
3380746149
3380746151
3367114691
3935572605
3935572725
3921811275
3921813315
