308622726
309654164
309719700
558362954
560281176
624191571
624195667
655686164
373512246
390265154
390330690
375526277
375534469
375550853
376583045
375666771
392443987
625285174
1093821325
1093825165
1093825421
1093875288
1108562920
1108570600
1125340008
1125347816
1127355779
1127363971
1127379845
1108865564
1098052034
1131558275
1160930181
1160934277
1175671656
305944090
309978004
558447946
558447976
558463336
559494504
559511912
559527272
559523672
559539032
826918322
558579018
558579048
558594408
559642984
560545098
560587608
561537865
561539913
561570633
561570648
561620824
594027799
594027807
594029847
594029855
594060567
594060575
845688095
862463255
862463259
862463263
862465303
862465311
309147014
310138394
558887242
560743193
829167434
829167494
829169482
829169542
622416744
622449512
622547816
622557544
624444305
624554824
641221395
641221399
641221403
641221407
641223443
641223447
641223455
641254163
641254167
641254175
908610335
909656855
909656859
909656863
909658899
909658903
909658911
656173087
374036534
390738284
625486199
625486207
625516927
893927739
893935931
893936513
642263377
642263409
643309941
643318067
643318071
643309949
643318075
643318079
643310069
643310077
643311953
643311985
643350835
643350839
643350847
659040593
659040625
660091589
660089201
910698833
910698865
911753531
911745461
911745509
927476081
610019351
610019411
610035731
1094268504
1094301272
1093343050
1094345103
1094350473
1094399576
1108955836
1108956856
1108965016
1125733944
1125742232
1125761912
1125770072
1125766712
1377414452
1109078380
1109079340
1109112108
1110984595
1110984603
1111016223
1111017243
1126737183
1126737693
1126782850
1126815618
1127771928
1127771929
1378370463
1379419027
1379419031
1379424835
1379432515
1395144211
1395144213
1395144215
1395144217
1395144219
1395144221
1395144223
1630082890
1630139208
1631122248
1647849245
1647864605
1647865625
1647888147
1647887135
1663586075
1663593755
1663594265
1663608597
1663608095
1109389852
1098539407
1114129297
1115177873
1130898711
1130907411
1130898719
1130907419
1130906513
1130909459
1130909467
1130931479
1130931487
1131960899
1382564753
1399334171
1399343891
1399344659
1667769623
1667769631
1667802391
1667802399
1176117593
1444549244
1444549372
1444550774
1444550902
1432887643
1180188979
1180188987
1180189107
1180221747
1448624443
1448624563
1699242491
1699258743
1967669563
1967677753
1717051769
1717059899
1717051829
1717092659
310727588
310729636
310760326
310760356
311768724
311776164
311770772
311778212
311793572
311801492
327523442
310858660
310860708
310891398
310891428
311907236
311909284
312767890
312819348
312857478
313802373
313802388
313817733
313865876
313898644
565524056
565526104
598004247
598004255
849647135
849662495
866423319
866439703
866439711
566453650
316961939
316994707
318042772
318108308
566715794
568669784
851781464
851781524
851783512
851783572
360958322
379728773
379745157
379777925
380777349
380793733
630317912
630322008
897669602
897669618
377756279
377756407
377787127
394670444
897978989
632580179
632584275
664023749
664031921
915673781
915690161
665113111
665113119
398612722
383923077
383938947
383939461
348526646
348526706
348543026
635713619
1099122458
1099122586
1099154386
1099155346
1100199272
1367562722
1367563682
1367589842
1367590322
1101165003
1101165963
1102197445
1102198465
1102198721
1102231233
1102231489
1116825016
1116829096
1116829112
1132566226
1132566466
1132566482
1132566514
1133585720
1133589816
1133593464
1133597304
1133597544
1133597560
1133602104
1133606200
1133593592
1133597432
1133597672
1133597688
1133606312
1133626232
1133630072
1133630312
1133630328
1133634872
1133638968
1384237876
1384241716
1384241972
1385277332
1385281172
1385281412
1385281428
1385292692
1385296532
1385296772
1385296788
1385274932
1385275188
1385286452
1400982962
1400986802
1400987042
1400987058
1400983442
1400987282
1400987522
1400987538
1400987570
1401001314
1401001330
1401001794
1401001810
1401001842
1401001442
1401001458
1401001682
1116951288
1116960168
1132683138
1133737384
1384379268
1118906260
1134651160
1134683928
1386293140
1386345348
1387341716
1387345556
1387378324
1387378564
1387393684
1387393924
1134704003
1134744455
1135752579
1636002100
1636005940
1904433026
1904435074
1638047555
1669412146
1669412210
1669412274
1669412338
1921071412
1921071476
1921072436
1921071604
1921072564
1117213432
1132947764
1403261591
1669680434
1105359307
1105360267
1106440642
1138898307
1150440323
1434612099
1168257355
1168273739
1168266119
1168266127
1168306507
1168298887
1419915655
1419932039
1419964807
1199722919
1199723399
1199722927
1199723407
1199755687
1199756167
1451422087
1468166531
1201820551
1201820559
1453486467
1703043355
1704075719
1704075727
1704077399
1704077407
1434751511
1436848663
1451512511
1451528823
1468305943
1971622423
1736725169
1988399699
1438806403
1172451659
1424109959
311105414
565716824
565782360
311367558
314332698
566842906
567879512
566977938
569911128
649610007
649610015
649612055
649642775
918045471
918047511
902316347
1099646746
1102722648
1117468038
1119372183
1119373203
1387807639
1387841043
1636549938
1656276755
1122517905
1139296019
1139296027
1139298067
1139298075
1705526163
942838599
406169492
406214170
406198863
406233925
406235973
438648708
439631748
672473468
672475516
672508276
672508756
689296952
940915892
940916372
940944212
940944692
672634668
674511895
674511903
674543703
674544663
690239575
690239583
691288147
941921823
941930013
941997378
942963221
942995988
942995989
958702357
958702359
708080157
708066327
708082197
708066335
708082205
708112925
708114965
975476255
975493655
975501335
975501845
407059538
407059666
407091286
407092306
408131492
423836754
423844194
423836882
423844322
423861362
423876962
409080775
409082823
409115463
410167233
410171329
457439554
442692995
676436596
676436836
676436852
692153656
692157496
692157752
693184344
693188184
693188424
693188440
693200184
693204280
693186392
693190232
693190472
693190488
693206072
693217112
693220952
693221192
693221208
693232952
693237048
943826386
943830466
943830482
943830514
944843252
944847092
944847332
944847348
944844212
944848052
944848292
944848308
944869940
944870196
944870004
944870260
944870964
944871220
944872292
944873012
944873268
960599522
960599538
960603602
960612722
960616562
960616802
960616818
960620882
960624722
960624962
960624978
960625010
676554130
676538868
676565860
676567908
692272968
943978818
944970596
944974196
945001316
945003364
694239048
695281496
695285576
695283544
695287624
695314264
695318344
945929748
945962315
945984323
945984327
945985347
947032899
947032903
725701432
725701496
725701624
725734264
977376114
410408474
443826052
459552851
676816274
692535112
678705235
678705239
678706199
678705247
678706207
678738007
678738967
695482451
946141207
712260631
712260639
473049933
739449828
756316785
756349553
741634589
741619795
741619799
741619807
741667357
741652567
1009022999
1009055767
773093437
773093917
789903892
775189021
775191061
775221789
775223829
1042577431
1042577941
1042610199
1042610709
474102068
475150419
507672869
507705637
524482882
524548418
509752197
474360116
509884499
743709251
745814099
1228006232
1228010328
1479622292
1479622548
1228039053
1228042893
1228043149
1479682893
1479686733
1479686989
1242780648
1242788328
1259557736
1259565544
1261581699
1261597573
1746082788
1746090468
2014518244
2016580419
2016580423
1479939659
1243048244
1765032839
1765032847
1765034519
1765034527
1232230979
1514357624
1514357752
1514359154
1514359282
1750159928
2017548210
2017550258
1750279604
2019703107
2019703111
2019703119
2019726147
2019726151
2020774727
1295147909
1295152005
1546826051
1309889384
1311929221
1846809269
1280487747
1548923203
1282584899
672867644
941335860
672997756
673129788
677078418
474640771
759703927
759703935
759734655
776481105
776481137
777527669
777527677
777527797
777527805
777529713
793258353
1044916593
1243165036
1259946872
1746609948
1746642228
1293435704
1847075673
1833476471
414324419
414324675
951227207
414602778
417469383
418518723
418518979
684799892
700540306
954372935
954373955
955421511
451180627
686045265
954529815
495196725
511974007
511974135
512004855
528751157
1032098357
748959825
1048875637
1065652853
516060037
1488066498
1488098883
1488099139
1251043636
1266768242
1266776434
1268929415
2024969031
1491244867
1492293443
2028114759
1568829827
1285706625
1554149763
1317163905
1585639815
1568969239
1585746551
2450863524
2450865572
2451004324
2452895825
2452963204
2721331223
2721332243
2721332247
2721347603
2721347607
2721332255
2721347615
2737076247
2737076255
2738108439
2738124819
2738124823
2738124831
2437110834
2437110962
2454795924
2454796180
2454797972
2454798228
2470533474
2470533490
2470533602
2470533618
2973981746
2707567433
2707568457
2707583817
2707570505
2708616009
2708632393
2456108932
2457157508
2472818771
2707767112
2725525527
2725526547
2725526551
2725541907
2725541911
2725526559
2725541919
2741270551
2741270559
2742319127
2742319135
2771675167
2771679263
2520996082
2537773298
2523150419
3241308813
3256054248
3781309257
3781310281
3308413327
3308417423
3323155192
3860075129
3293737347
3310514563
3327291779
2453160855
2453161875
2987943704
2182890405
2451325861
2451327511
2451335476
2451401012
2453422623
2988198423
2169121875
2437554631
2437571986
2437557331
2437637522
2439522631
2439522647
2455252081
2470987681
2471110743
2457355159
2457356179
2974425423
2974442898
2518172311
2518172567
2520269591
2520269599
2520271383
2520271639
2504534325
2538088757
2789747025
2789747057
2790795633
2806524273
3058182513
3258467223
3258468243
4061685528
3511181625
3544720697
3261612945
3779601915
3779617275
4048052537
3578290489
2978109314
2978174850
2190744630
2190744631
2206487191
2459177588
2459177589
2459177716
2459177717
2459179636
2459179637
2474907767
2474908279
2474986802
2727613053
2727615543
2744391798
2996048501
2996065818
2996048628
2996048629
2176992105
2177059186
2445429106
2445492722
2713869123
2713928178
2982300018
2715966275
2479102007
2508409202
2776844658
2508476985
3045347897
2793689745
2793689777
2794721909
2794722037
2794738353
2810466993
3062125233
3246606106
3247588216
4051851138
3246791491
3531871935
3531887295
3800322705
3800322737
3801354877
3801371313
3801355005
3817099953
4068758193
4069790453
3787610947
3789708099
3315741003
3867431601
2461549207
2710258042
2191278615
2191279635
2191278623
2191279643
2191278743
2191279013
2191279763
2191280663
2191281683
2458666403
2459714469
2177515890
2177516850
2177515898
2177516393
2177516858
2177516018
2177516978
2177517938
2177518898
2177581434
2177582394
2177581554
2177582514
2177583474
2177584434
2464695191
2714256953
2714257209
3248112504
3266855831
2553620372
2316576345
2316642196
2585012116
2585079572
2819957116
2836670296
2836799868
2836801368
2836808058
3121884948
2287089991
2302809510
2302809511
2555516807
2555585972
2571245378
2571245379
2571245506
2571245507
2571247426
2571247427
2304907083
2556565383
2588022663
2588023383
2589070023
2589071238
2589071239
2589082263
2839680843
3108116291
3108118338
3108118339
2841777987
2841780035
2590259283
2620529223
2620529479
2886936948
2623673223
3625203764
3927192213
3927192277
3644988227
3361880385
3378648899
3378649923
3378650947
3896654145
3913422667
3913424715
4181860163
3915521859
2820351292
2317100340
2317100820
2317100348
2317100828
2317100633
2317100468
2317100948
2317102388
2317102868
2317165884
2317166364
2317166004
2317166484
2317167924
2317168404
2837194584
2303336775
2303336805
2303336783
2303336813
2303336903
2303336933
2303338823
2303338853
2303339603
2554997813
2571775059
3390580073
3390580089
3927451001
2561808067
2561808323
2309231319
2577666775
2324959845
2324959860
2324959861
2324959853
2324959868
2324959869
2324959973
2324959988
2324959989
2324961893
2324961908
2324961909
2324962358
2324962359
2609125495
2609125989
2609126005
2828277879
2828278839
2828278883
2844006519
2845055095
3096714339
2861833271
2311198275
2311198530
2311198531
2311198283
2311198538
2311198539
2311198118
2311198119
2311198403
2311198658
2311198659
2311200323
2311200578
2311200579
2563905415
2563905219
2563905475
2313295683
2313295691
2313295811
2313297731
2564953991
2566002627
2596411271
2597459847
2358385479
2626820935
2895256391
3163691847
3365017479
3380745639
3380746119
3380745893
3381794695
3649181349
3367114631
