308442514
308508050
308573586
308639122
308655494
308671874
309638789
309654149
325346181
325350021
325350786
325383554
325416322
325449090
308704658
308770194
325580162
558347624
558362984
559411560
560313944
560330264
561329752
561331800
561378840
828751170
828882242
591745896
591745912
591753576
591754776
591787544
592803352
592836120
594933272
846577172
372380039
372388231
339097671
354816647
354833031
371585924
622213187
622221366
622229556
622229571
622262339
607516694
624195675
624224339
624228419
624228435
655681589
655685684
655685685
342095954
373438772
373455156
373504308
373520692
373545014
373553204
374487092
374503476
374499411
374503491
374536244
374569012
374601780
390256739
390264899
376582535
609433716
627176264
628224840
642851192
642867576
373569844
373635380
373700916
373766452
1094070917
1094071686
1094087301
1094088066
1094120069
1108858424
1108866584
1125643800
1126520706
1098048899
1098052994
1098052995
1366439809
1112748392
1112749656
1112749912
1112764776
1112765976
1112797544
1129541992
1129574760
1130456856
1130502017
1130510209
1131558785
1159983494
1160934285
1160962949
1160966789
1160967045
1175704424
1175712104
1192448872
1192449000
1192489320
1444139700
1177678424
1194455640
1194488709
1416769927
305747482
557328081
557401882
825763537
303925172
303933332
304946838
304954518
304955028
306009626
321672835
321680515
321705603
321713283
555594872
555595352
556647258
556654938
556655448
825003843
825011523
826021766
589134904
589135384
840788276
840813364
840821524
290164082
290179442
309941786
325678466
325711234
308966802
309032338
325842306
558454554
558462746
558447736
558448216
558454906
558452506
558464026
558464056
558464536
559499034
559502874
559512602
559512632
559513112
558617898
560481107
560481115
560483155
560483163
560527698
560547610
561522257
561522385
561524305
561555025
561557073
561596186
828916307
828916563
828912970
828912971
828918355
828918611
828915018
828915019
828938050
828936003
828936018
828940098
828963138
829013314
829144386
592008040
592008056
592015720
592016410
592016440
592016920
592015128
592044888
592049178
592049208
592049688
593065016
593061656
593065496
593097784
593094424
593098264
844745524
844753684
578299155
578299159
578299163
578299167
578301203
578301207
578301215
578331923
578331927
578331935
595191576
845718815
846734615
846734619
846734623
846736659
846736663
846736671
846767379
846767383
846767391
846835476
309097874
309096847
309082133
309163410
309179782
309196162
309197332
310141327
325875074
325907842
325973378
309228946
309294482
558871912
558887272
559935848
560732047
560739727
560740237
560732999
560733007
560789842
561780622
561788302
561788812
561819982
829167435
829178651
829167495
829175175
829175429
829175684
829175685
829175687
829178771
829178519
829167247
829178527
829172039
829172047
829169483
829169543
829177223
829177477
829177732
829177733
829177735
829200194
829212179
829198147
829198162
829202242
829225282
829275458
592270184
592270200
592277864
845007668
845015828
372896644
373027716
622416504
622418552
624486678
624486679
624685896
639179556
639195940
639195948
639228708
907631396
907664164
656950039
656950047
656952087
656952095
656982807
656982815
908641055
909689619
909689623
909689631
925385495
925385499
925385503
925418263
925418271
339621959
355357319
372110212
622602548
656173364
656169539
341456933
342620242
373969283
373977475
373963060
373979444
373979167
374028596
374044980
374075842
374069302
374077492
375027764
375060532
375126068
390752287
877144447
877160767
877160827
893935995
893940609
893936123
893925668
893925669
893925953
609958004
611903767
627632407
628680982
628680983
896021189
642294099
642294103
642294133
643320115
643320119
643320127
659071315
659071319
659071349
910729555
910729559
910729589
911745397
911753819
911745525
927482171
927490361
927490363
927478469
927506741
927506743
927506771
927506803
927506775
927506805
927506807
374094132
374159668
374225204
1092342632
1092343592
1094268744
1094268872
1093367178
1094346130
1094334408
1094349513
1094399816
1094399944
1108947324
1108943356
1108948876
1108963756
1108956136
1108963816
1108957096
1108964776
1125720444
1125724524
1125740972
1125741032
1125741992
1125855596
1111024023
1111046028
1111043868
1126752663
1127801238
1127801239
1378378653
1378371483
1378379163
1378379673
1379410717
1379411230
1379411741
1379427101
1379431960
1379431570
1379431571
1379428435
1379413278
1379413789
1379429149
1379424843
1379432523
1379433033
1379434008
1379413908
1379443990
1379463708
1379463618
1379457603
1379465283
1379465538
1395155785
1395155845
1395155853
1395145281
1395157525
1395157533
1395172885
1395176980
1395176981
1395172893
1395176988
1395176989
1396202051
1396236679
1631069905
1631139656
1898488341
1898488597
1898489620
1898504725
1899505361
1916322579
1916322583
1109382712
1109390872
1126168088
1127044994
1098527429
1098540434
1113141548
1113141608
1113142568
1113157928
1113273944
1113274200
1113290264
1397466578
1397481938
1114161939
1114161943
1114162963
1115210515
1115210519
1115211539
1130898839
1130906515
1130898847
1130939155
1382597395
1382597399
1382598419
1383619139
1383645971
1383645975
1383646995
1399342867
1399333709
1399344915
1399374611
1634222931
1634222939
1634224979
1634224987
1635264209
1635266129
1635296849
1635298897
1902658387
1902650189
1902660179
1902660435
1651032851
1651032855
1652081427
1652081431
1667810067
1919468307
1919468311
1920516887
1936215827
1634485019
1634485139
1634487059
1410868041
1410868057
1410999113
1412965193
1412965209
1175987061
1175987069
1175987189
1175987197
1444422517
1444422473
1444422489
1444434489
1444422645
1176113815
1176113875
1176113879
1176113887
1176115327
1176131647
1176131707
1176171412
1192894841
1192892542
1192908862
1192908922
1192940062
1444549181
1444549241
1444549245
1444561559
1444549373
1444561567
1444550711
1444550771
1444550775
1444555079
1444567091
1444567095
1444567139
1444567154
1444567155
1444550767
1444555087
1444550903
1444567223
1444567267
1444567282
1444567283
1444582004
1444585829
1444578037
1444578292
1444582132
1444606612
1444663988
1178132887
1193861527
1194910102
1194910103
1446533699
1679303677
1947738953
1947738969
1681400785
1949836121
1949836241
1949884739
1965597461
1965613589
1712857941
1712857949
1712858069
1712858077
1729635161
1729635193
1729643441
1729643489
1729645409
1729676129
1729676257
1981293397
1981293429
1981293401
1981301339
1981293493
1981293509
1981293525
1981293557
1712988533
1712988477
1712988537
1712988541
1712988597
1712988661
1712988669
1981424117
1159473460
1148723539
1148723547
1148723667
1148756307
1417159003
1417191763
1464353083
1699236146
1716035923
1732813139
1984471379
310580526
312694674
294081714
294083634
294083762
294114482
310722870
310722998
310724918
310725046
310756148
310756276
310764436
310758166
310758196
310769686
310766356
311804724
311806742
311806772
311814932
310842662
310842670
310844710
310875430
310877478
312768663
312762258
312821650
312825746
313845393
329536391
329540485
329544325
329544835
329544850
329545090
329539458
329569158
329569159
329577603
329577618
329577858
329602946
329635714
312891282
312956818
329766786
830952626
832935746
832937794
833068866
596999224
596999704
847593782
847591060
847595830
847593108
847619860
847613718
847613748
847621908
847641108
848668436
848662324
848670484
848674324
582259223
582260243
582260247
582275603
582275607
582260255
582275615
597988887
597988895
599036439
599037459
599037463
599052819
599052823
599037471
599052831
599127576
850771476
314688406
314692246
314692486
314692502
316785558
316789398
316789638
316789654
316831122
566308186
566312026
566312266
566312282
568405338
568409178
568409418
568409434
599876920
599880760
599881016
599909688
599913528
599913784
600929336
600962104
851547956
851545908
851549748
851550004
852594484
314914808
314949938
315041752
315045592
315045832
315045848
315077332
316962194
318027397
318042757
333734789
333738629
566711032
568702552
568718872
568719682
569720408
569767448
600143384
600176152
601224728
851785064
851785080
851785544
851785560
851785592
851788154
851781112
851788282
851778164
851787112
851787128
851787592
851787608
851787640
851778292
851814164
851821874
851808022
851808052
851816212
851835412
852856628
852864788
852868628
360962642
362949441
362965825
362965953
362998593
394350962
394351090
394352994
394353010
394353122
394353138
394383730
394383858
394384322
394384338
377739858
378794884
379728263
379744647
379746695
380776839
380892036
630290792
897696722
630421864
897827794
632415064
632419160
632550216
914444658
914444722
914444786
914477426
931221874
931221938
931222002
931254642
931251154
361009719
361009783
361115964
347486279
394564151
394564215
378002002
394670396
394686780
379877527
881072887
881089207
881089267
897880631
897880695
630618179
630650947
897991094
615791197
615807517
615807577
615905302
632584283
632615452
632612947
632617027
632617043
664033522
914698604
915706481
931410284
931418803
931435063
931435123
931435127
365046068
381827380
381843764
381843847
398616884
398613059
383922567
383938951
383940999
617822324
635564872
636613448
651260216
651256184
381958452
382089524
1099109978
1099110098
1099126418
1099110106
1099112266
1099112146
1099128466
1099158106
1099142866
1099159186
1367545434
1367545554
1367545562
1367547602
1367578322
1102149400
1102145432
1102149528
1102177112
1102181208
1102182168
1101165453
1101166473
1101215688
1101209538
1370634113
1116825496
1116829336
1116829592
1132577746
1132581826
1132581842
1133602584
1133606552
1133635352
1384209076
1384209316
1384209332
1385242292
1385257892
1401016674
1401016802
1401013202
1116952090
1116944268
1116959148
1132712538
1133719916
1384322350
1401111986
1118926488
1135699736
1135703704
1135732504
1119024005
1119025025
1134704513
1135753089
1635865594
1635862426
1635866266
1635866506
1635866522
1635866554
1635866618
1636004890
1635981010
1636005250
1635997750
1635983178
1635983058
1636002228
1636006068
1636006308
1636006324
1636007298
1636013650
1636037148
1636037058
1636034868
1636038708
1636038964
1636039188
1904449106
1669419880
1669419896
1669419940
1669420008
1669420024
1669413156
1669421410
1669421538
1669436770
1669444930
1669436898
1669445058
1921093986
1921095490
1921110370
1101428114
1102460294
1102476674
1117204844
1117214234
1384584494
1384586534
1384617254
1384619302
1403294291
1403294295
1403295255
1403310675
1636264244
1669665764
1921324004
1921337654
1656001047
1656002067
1656002071
1656017427
1656017431
1656002079
1656017439
1671730711
1671746071
1671730719
1671746079
1672779287
1672794647
1672779295
1672794655
1106437507
1106441602
1106441603
1388401208
1388401464
1388417588
1138845464
1138898817
1166152551
1166152559
1166152679
1166152687
1167212858
1167217539
1167202868
1417810927
1417876268
1418875448
1434588007
1434588009
1434588011
1434588015
1434588069
1434588071
1434588135
1434588143
1152537475
1152537479
1152537539
1152537487
1152537547
1152553927
1152570247
1152570307
1169314691
1420964231
1199821402
1200761047
1200777367
1200777427
1200808402
1468154669
1468142501
1468142503
1468156709
1468187429
1468187437
1703023461
1703023469
1703047499
1703080267
1703110964
1704083834
1704096075
1704083962
1704073844
1704093719
1704093749
1704093727
1704093757
1704073972
1704077557
1704104549
1704108359
1704100207
1704100687
1704108367
1704128842
1704128843
1954796084
1971458917
1971458919
1971458921
1971458923
1971458924
1971458925
1971458927
1971470774
1988219234
1451510291
1453625939
312038938
311105444
312154020
313087890
313108244
314136090
314156820
329865090
313218962
564762434
565716809
565790490
833132354
833197890
847882004
848930580
312301082
311367588
313292178
313292883
313299783
313307463
313307973
313345938
313350034
330060619
330068299
330064713
330068809
330068811
330068359
330069123
330069138
330069378
330049623
330070039
330066003
330070099
330080583
313415570
313481106
564927303
565024578
565975623
833394498
315173236
316233242
315304308
317282194
317302548
317355410
566843162
566851354
566827126
566827636
566843446
566858356
566858596
566858612
566866804
567887642
567891482
568936218
569911113
600405018
600405048
600405528
600396708
600396724
600404916
600381558
600397878
600412788
852076308
378089836
378220908
632828613
665338647
665338655
665340695
665371415
918078231
933774111
933806871
361513529
382366083
902329217
382482740
1368068732
1102721733
1102734738
1117335916
1385780762
1117466988
1117476378
1384847268
1387820568
1387798983
1387813443
1387821123
1387840279
1387841299
1636373116
1636504188
1636529538
1636526388
1636530228
1636530484
1639458633
1924711191
1122550547
1122550551
1122551571
1123599123
1123599127
1123600147
1139295123
1139327763
1390986003
1390986007
1390987027
1392034583
1392035603
1407733523
1642645267
1659421459
1659421463
1660470039
1927856919
1167599924
1419268664
1721254833
406017562
404174244
404176164
404176292
404208932
406172612
405248838
406222106
406201285
406203333
406238148
406279706
406303684
439641490
455353881
455357977
672469868
672469756
672471908
672479588
672471916
672472036
672479716
672510796
672504676
672512356
940905324
940907364
940907372
940907492
940940132
674502227
674502235
674504275
674504283
674607948
674624028
690240085
690240093
690264663
690272343
690272853
691286557
691283740
691302941
691279810
691285788
691304989
691281858
691293063
691300743
691301253
691294083
691298178
691301763
691312195
691327518
691335709
691335768
691333908
941891163
942937682
942937683
942937690
942937691
942939730
942939731
942939738
942939739
958686081
958687765
958675533
958687773
958703125
958703380
958703381
958703133
958703388
958703389
959714891
959716931
959716939
724843539
407053590
407053718
407055638
407055766
407086418
407085526
407086546
407105926
407101906
407088466
407103826
423863634
423862742
423863762
423879122
410072852
410072724
410072980
410074900
410074772
410075028
410105620
410106452
410106708
410107668
409090885
409090893
409123653
409187268
409203138
410211866
426947393
440482166
440482294
440510806
440514646
440514886
440514902
440514934
440608540
440604610
440610588
440617848
440621688
440621928
440621944
440618808
440622648
440622904
440626968
440606658
440640820
440660358
440656338
440654658
442660242
676440916
676444756
676445012
692152696
692156776
692156792
693199224
693205352
693231992
943799506
943799746
943799762
944879124
944876372
944881172
960568802
960576722
676533100
676535148
676574028
692278810
943924502
943924630
943926550
943926678
678538068
946976276
946973524
946978324
678573889
678573897
678575937
678575945
678606657
678608705
945992513
945992517
947041089
947041093
725685666
977359656
977353076
977361250
977353188
977353204
977361378
977376610
977377090
977376738
977377218
409449412
410416410
440879992
440883832
440884072
440884088
440916802
442791314
442792087
443822789
443835794
442922386
692531564
692540954
944182334
944182454
944215094
944215222
678802252
695483411
695487367
695495047
695495557
695528212
947135579
947135699
947168339
947168347
473097093
473101189
506605959
756117880
756115832
756119928
756150648
756147032
756151128
739496808
1007888756
1007888884
1007892964
1009916739
1009916743
1009916751
1009924941
1009947459
1009947463
489050759
739670324
756439094
756447284
757348439
757348949
757348447
757348957
757373527
757381207
757381717
789899317
789903412
789903413
474167604
476215687
507591030
507591158
507623798
507656500
507672884
507722036
508717139
508721219
524474467
524482627
1012044131
1012044611
1012052801
1012044135
1012044615
1012052805
1013093187
1013101377
1013093191
1013101381
1014141767
1014149957
777085304
474298676
474429748
507787572
507853108
507918644
1227978392
1479650132
1226986443
1226994123
1226994633
1228029828
1478630343
1478638023
1478638533
1479734088
1479759386
1242645436
1242649276
1242649516
1242649532
1242657724
1242775368
1745955196
1745959036
1745959276
1745959292
1745959804
1745960828
1746137988
1228305029
1228337797
1479945494
1243037512
1260738434
1529099801
1746363794
1748244051
1748244059
1748267549
1748300317
1748329874
1765028381
1765025564
1765044765
1765021634
1765040519
1765041539
1765040527
1765041547
1765027612
1765023682
1765035907
1765054019
1765065239
1765048927
1765049887
1765065247
1765077532
1765077533
2015737154
2016679507
2016679514
2016679515
2016685334
1232224132
1482905114
1483888154
1246982504
1247015272
1263792488
1514350364
1514361656
1514361464
1514361720
1514362424
1514362680
1514346434
1514361592
1514361848
1514362552
1514362808
1514352412
1514360632
1514348482
1514382644
1514389874
1514373622
1514374642
1514390002
1514402242
1531151858
1531167218
1531171298
1264674584
1750160184
1750176308
2017563188
1750277714
2017666454
2017664594
2019669524
1752315713
1752317761
1752348481
1294095307
1294102987
1294103497
1294201222
1295152013
1295184202
1295180677
1295184517
1295184773
1309766588
1309922152
1309929832
1309930132
1326666728
1326707048
1311896152
1328673368
1328706437
1280479587
1297256803
1297264963
1817350499
1817358659
406464329
941168458
941299530
406734618
941430602
424358252
409556506
409687578
441010066
457781612
443184530
692672026
961098092
677061948
692803098
944481588
963130053
712516887
712516895
712518935
712549655
980952351
980954391
980985111
773413668
740039235
474560820
474595634
474628755
474628995
474649111
474649171
474661395
474665491
474691892
475673117
475673177
475689497
475689347
475674647
475674707
475691027
491417987
508115252
508195203
508180788
1011370515
1028170037
1028170039
1028170103
776511827
776511831
776511861
793289043
793289047
793289077
1044947283
1044947287
1044947317
1045963253
1061724471
1061724531
1061724503
1061724533
1061724535
474822964
508311860
1227511578
1228550853
1228560963
1480206153
1480214298
1243165052
1243158406
1243166086
1243158466
1243190866
1243191106
1243191122
1259938172
1259942252
1261967943
1261984323
1512666258
1513628703
1513629468
1513629469
1513628823
1513626183
1513630743
1513642563
1513646163
1513650243
1513661463
1746474826
1746605898
2015999298
2032722453
1768433043
1293435449
1545085725
1545114164
1276777111
1276777155
1276777171
1293554327
1278745155
1547182877
1578640157
1813518915
2081956637
1815618453
1847075733
1847107957
1282941275
1282941395
1282974035
1850253651
412309018
414406170
949073428
680728484
949163940
951170580
950186821
951235397
412571162
412554212
412556132
412586852
428290412
428283602
428285522
428316242
414586563
461713772
448030098
680859428
680859436
680859556
680861476
680892196
949295012
949296932
949327652
965030252
682976658
950286423
951359043
981807468
416503322
700540216
700544402
700524916
700529012
700541236
700545332
701588882
953267732
684935058
954381125
955429701
686046227
687094803
702823443
954480723
954480727
954481683
719600659
497183553
1017295685
1018305351
1018336071
1018344261
479466029
495227447
495227511
481587857
528781879
528781943
514095255
747909496
747913530
747914040
747946290
1015302450
1032098359
1032098423
748040568
1065652791
1065652851
1065652855
482486580
484604295
1019384643
1019392833
1019384647
1019392837
1020433223
1020441413
1021481799
1021489989
1233327218
1233327226
1233327346
1233329266
1233359986
1486050842
1501762802
1501764722
1501795442
1488070548
1251042616
1251035026
1251039122
1251042706
1251046802
1251047314
1251047732
1267820852
1535234402
1251160428
1251174708
1266887028
1266903348
1754470308
1754482578
1770198138
1770198258
1770198978
1770203508
1770207604
1770200178
1770215478
1770219828
1770223668
1770230898
1772188698
2023863828
2055328098
1520734803
1520734807
1520751187
1537512023
1537528403
1283664180
1284645180
1552034100
1585599367
1283795252
1552173362
1552208403
1568985619
1554305555
1585762835
2089079315
414868882
681268762
447510551
681399834
701061234
1233858924
1251555204
2704429899
2450876852
2452905491
2452905498
2452905499
2453094276
2704619336
2704621384
2704752456
2719314216
2719314220
2719315240
2719316268
2719317288
2736092456
2736094504
2737060887
2737060895
2738109459
2738109463
2738109471
2988719135
2988734495
3005495319
3005496343
3005496351
2437115282
2439148161
2439148225
2439149185
2439150273
2439151233
2439199826
2454803364
2454805412
2470526034
2470526162
2454934436
2454936484
2470657106
2470657234
2456893076
2456893332
2456895124
2456895380
2457026436
2973834738
2973842882
2973842898
2973850082
2973850098
2705550738
2706585416
2706587464
2707559243
2707575627
2707577675
2708607819
2708624203
2708684616
2738952562
3007388018
3007396946
3007397074
2455198628
2470919378
2456058907
2456118674
2457097754
2705810834
2706849608
2707772954
2708815688
3007659218
2741255191
2741255199
2742303767
2742303775
2992913439
2992928799
3009690647
3009690655
2519871879
2771522379
2771538763
2486581319
2502316679
2769580793
2769558083
2771671619
2786357849
2786341597
2803118713
2803135065
2803118741
2803118789
2803118805
3054778481
3054794849
3054794977
2804185621
2804185629
2504143269
2504143271
2504143335
2504156033
2504159873
2504143343
2504145473
2537650546
2537650674
2520936877
2521000244
2521985411
2537697644
2537697701
2537697703
2756917364
2772597029
2772597037
3041032229
3041032237
2774668107
2774684491
2775733067
2790351224
2773760023
2773760083
2773776403
2790537239
2790553619
3241292485
3241295433
3241295689
3524337588
3524345492
3524345748
3524352692
3524352948
3256037740
3256040868
3272823416
3272823656
3272823544
3272823784
3274847619
3274862979
3274862983
3274863493
3274862991
3274863501
3778155339
3778171723
3256185780
3256314164
3273085688
3258217619
3258217627
3274004354
3526653059
3526653067
3793057064
3793059112
3244454729
3244448587
3245503305
3245496899
3245497155
3512891009
3512893057
3528678308
3277940504
3277993857
3278008711
3278008719
3279057287
3279057295
3779294264
3779294392
3781301067
3781317451
3782366027
3308401349
3323146604
3339932408
3306435101
3308532253
3339989533
3325309529
3843306013
3860083289
3293729187
3310506403
3562164643
3327283619
2182834484
2451195779
2184791834
2704811729
2973247185
2987935289
2987935544
2987935545
2435722563
2182890300
2182955836
2451334021
2183096628
2451457818
2453422743
2988189108
2988206388
2169120090
2169185626
2437572691
2439530003
2439530259
2439530131
2439530387
2439532051
2439532307
2171299218
2186830357
2186830613
2186830365
2186830621
2186830485
2186830741
2186832405
2186832661
2202558787
2202558803
2202558835
2202558795
2202558811
2202558843
2202558915
2202558931
2202558963
2202560835
2202560851
2202560883
2455259506
2470979476
2187028788
2455390083
2471126418
2188927765
2188927773
2188927893
2188929813
2188986138
2457347868
2473086483
2705877015
2707956055
2707964755
2707956063
2707964763
2707958103
2707966803
2976391511
2976400211
2976401171
2976391503
2976391519
2976393543
2976393559
2976402003
2976402259
2976402963
2976403219
2723694385
2723696433
2739410770
2739412818
2992129841
2992130418
2992131633
2992131889
2437687349
2739672914
2739674962
2518163813
2518163829
2518164341
2518163941
2518163957
2518164469
2518165861
2518165877
2518166389
2249943348
2520269703
2786599765
2786599773
2786599893
2803385201
2803385329
2803387233
3055034741
3055035221
3055035253
3055034853
3055034869
3055035333
3055035349
3055035381
2236162364
2269667699
2269667707
2269667827
2269667835
2269669747
2269669755
2269669875
3024628095
3024644415
3024644475
3256377735
3256576308
3524937603
3274266498
3778553553
4061677113
4061677368
4061677369
3256639875
3243778349
3511166267
3245878097
3260552116
3260553270
3260561460
3260554290
3276298290
3544720699
3260683124
3260683188
3260683252
4048037179
3781697879
3781706579
3781697887
3781706587
3781708627
3781708635
4050133343
4050144083
4050145043
3797436209
3797438257
3813156209
3813156337
4065873713
4081591611
4081591731
4081591793
3558351689
3558351705
3560448857
3323470709
3323470717
3323470837
3323470845
3591906165
3591906137
3591906293
3826787325
4095222617
3828884433
3860341589
3860349719
3860341597
3860349727
3860341717
3860341725
3877118841
4128777077
4128785183
4128777141
4128776693
4128777173
4128777205
2173852227
2173852483
2174961554
2175949379
2175949635
2458064174
2710721355
2710718264
2710783800
2978104739
2978105219
2712818507
2173063522
2173063530
2173063650
2173065570
2173129058
2173129066
2173129186
2173131106
2174109481
2174105281
2174114371
2441495843
2441497891
2443528082
2175223698
2176211523
2190759443
2190759451
2190743190
2190761491
2190824986
2206487092
2206487093
2206487095
2206487100
2206487101
2206487103
2206487220
2206487221
2206487223
2206489140
2206489141
2206489143
2458146930
2458194548
2458206518
2458194676
2458206646
2458196596
2458208566
2459194899
2459194907
2459196947
2474915138
2474922788
2474911561
2474911576
2474922796
2474927896
2474910661
2474907526
2474908516
2474912581
2474917186
2474917441
2474924087
2474924146
2475968027
2475970067
2192856595
2192856603
2192858643
2192922138
2461292051
2461292059
2461294099
2710914872
2709930775
2709930783
2709932823
2709985218
2710980408
2978366231
2978366239
2978368023
2978368803
2727630903
2743422258
2744407578
2995065588
2995067508
2995079478
2995080498
2176992195
2178046531
2178046787
2445433667
2180143683
2180143939
2447530819
2713867083
2713928058
2714915659
2714912658
2982286923
2982304323
2715964235
2717012811
2731611956
2731613748
2731614004
2479110977
2714114883
2240961091
2240961347
2508329828
2508329829
2508329831
2508329836
2508329837
2508329839
2508329956
2508329957
2508329959
2243058243
2243058499
2541898533
2776765285
2776765293
2776767333
2776843128
2777830219
3045200741
3045200743
3045200493
3045200748
3045200749
3045200751
2779927371
2491748924
2273595959
2273595967
2273596087
2273596095
2273598007
2273598015
2273598135
3028556535
3028572855
3028572915
2246204227
2247252803
2780975947
2782024523
2783073099
3246543480
3246543736
3247589267
3247594051
3247594307
3247654712
3249691203
3249691459
3531805998
3282134808
3783350266
3784463179
3784460088
4051846563
4051847043
3786560331
3246740280
3246726194
3246794003
3246794011
3246794131
3246794835
3246798915
3246795795
3246796051
3246871352
3247842077
3247850267
3247842197
3247850387
3247844117
3247840067
3247852307
3515226947
3280234515
3548649017
3548649019
3266598419
3266598427
3535033883
3783611192
3783676728
3783662403
3800307347
3817084563
4068742803
4085519931
4085520051
3250737720
3252837195
3253885763
3521272643
3284284803
3284285313
3787608907
3788657483
3789706059
3250983755
3250991945
3313636199
3313636207
3313636327
3313636335
3565294575
3582071655
3582071657
3582071659
3582071663
3582071717
3582071719
3582071783
3582071791
3615626151
3850507109
3850507117
4118942567
4118942571
4118942573
4118942575
2175485842
2459584387
2193180442
2711242552
2978629507
2996324152
2174633769
2175550403
2443985859
2191278908
2191344444
2459714199
2711372649
2711372664
2177516483
2194228028
2508866034
2508867954
2526561047
2526560799
2526561055
2526560919
2526561175
2526562839
2526563095
2794996503
2794996511
2794998551
3063431967
3063434007
3247067768
3247068008
3247068024
3264766343
3264766853
2552436554
2553423689
2553427529
2553427785
2819823524
2819831204
2836604280
3088258980
2821793684
3090229140
2283157012
2283157020
2283157140
2283159060
2283222548
2283222556
2283222676
2283224596
2299929721
2299933381
2299943521
2551587893
2551588021
2301899461
2301899477
2553550418
2553550419
2553550426
2553550427
2553552466
2553552467
2316579445
2316579453
2316579573
2316577365
2333356741
2333356757
2585014901
2585014997
2585015029
2333487813
2333497953
2318676693
2335453893
2335453909
2819897160
2819897176
2836673221
2836673237
2836670837
2836735352
2820022611
2820022615
2820030775
2820022623
2820028248
2820030783
2820022743
2820030903
2820032823
2836799861
2836808051
2836799869
2836800633
2836805208
2836808059
2836799989
2836808103
2836812423
2836808179
2836801623
2836810099
3088454261
3088459038
3088466238
3088454373
3088454389
3088458933
3088468278
2821985875
2821985883
2821987923
2822057748
3090421331
3090421338
3090421339
3090427668
3090423378
3090423379
2870227653
2870227669
2870225268
3121885813
3121885909
3121885941
3121888353
2853573237
2853573245
2853573365
3122008821
2287088962
2287088963
2287088970
2287088971
2287089090
2287089091
2287091010
2287091011
2302816613
2302816615
2302816621
2302816623
2302816741
2302816743
2302810470
2302882156
2554476420
2554537238
2554533698
2554537366
2554533826
2554539286
2554535746
2555524178
2555531828
2555524186
2555527801
2555528056
2555535736
2555524487
2555524996
2555516626
2555531956
2555527891
2555532001
2555517046
2555529811
2571252069
2571252071
2571252077
2571252079
2571252197
2571252199
2572296557
2572296677
2289186115
2289186123
2289186243
2289187143
2289188163
2556632898
2336436588
2337419628
2337433893
2589082233
2589090168
2589070503
2589078918
2589078919
2589071478
2604806508
2604800583
2839687525
2839687533
3091408278
3091410198
3091406658
3092390253
3092386923
3092387538
3092398803
3092400723
3108122981
3108122983
3108122989
3108122991
3108125733
2303994164
2555662904
2857646193
2618501492
2366911109
2366911125
2369008277
2383688309
2383688317
2383688437
2383688445
2400465557
2652123765
2652123893
2385785553
2385785557
2402562773
2887004925
2903782037
2920559325
2937336441
2937336533
3188994677
3188994741
3188994773
3188994805
2369925479
2369925487
2369925607
2369925615
2621583855
2638360935
2638360937
2638360939
2638360943
2638360997
2638360999
2638361063
2638361071
2671915431
2906796389
2906796397
3175231847
3175231851
3175231853
3175231855
3373475192
3626178378
3627165513
3627169353
3627169609
3893444476
3893565348
3893573028
3895535508
3373543965
3373540664
3625199669
3356893523
3356893531
3356893635
3356893651
3625328987
3358876035
3375641117
3390333315
3407098397
3392418393
3392418397
3409195613
3910414877
3895727699
3895727707
4164163163
3927192153
3927192157
3943969373
3359855160
3360821820
3376566840
3440652829
2553947977
2587371037
2300454009
2554079124
2554081044
2317101653
2820421208
2820421448
2820421464
2820552536
2303337818
2303403354
2571774279
2573738327
2573738319
2573738335
2573738439
2573738455
2573740359
2573740375
2320049498
2840094743
2840094803
2350525013
2618960469
3373934169
3373934424
2828212132
2843940322
2293502679
2293503639
2309232278
2309232279
2310280854
2310280855
2577667734
2577667735
2324960918
2592364598
2592364658
2609141814
2609141874
2844007479
3112441975
3112442935
2311199078
2562864518
2562865028
2563913094
2563913604
2358384998
2358384999
2374113639
2374114119
2375162214
2375162215
2626820454
2626820455
2895255911
2910984551
2910985031
2912033127
3163691367
3365016999
3633452455
3633452935
3398571431
3398571911
3667006887
3667007367
