308574291
308639106
308673044
309721620
325335123
560297496
560331074
561346072
622074435
624195651
624226844
373453701
373520436
373551554
390328770
1093809752
1093808837
1108554092
1108555142
1160934021
1160966474
1175679336
1175712404
1192456552
309962516
309964564
309979924
559490904
559492952
559509272
558576970
558609738
558609768
558625098
558625128
559673704
560557848
560593218
561522505
561522520
561524553
561524568
561555273
561555288
561588056
561590104
561606424
309163394
560853322
560855362
622426472
622588264
622588744
624489288
656205847
374044724
609796402
609796403
625500667
625516919
643309945
643310005
660087161
660138007
1094284952
1094334040
1094367048
1125729144
1125729272
1125736952
1109079430
1110983571
1110983575
1110983583
1110978333
1110993693
1110994713
1111016211
1111016215
1111017235
1126715163
1126722843
1126723353
1126737175
1126737685
1379428120
1379430168
1395141441
1630138698
1631106888
1898460745
1898461761
1898461765
1898462785
1898461773
1898462793
1647887123
1647887127
1663608087
1098572167
1131995527
1902659347
1902661139
1902661395
1176236572
1176236692
1712857945
1981292917
1981293029
1981293045
1683538226
1683538227
311816852
311818772
310843270
310843300
310845318
310845348
310876038
310876068
311891876
311893924
312827778
312867348
313800340
313833093
313833108
313848453
313848468
313914004
313915924
565542424
565573144
314917298
314919218
316962899
317059732
317061652
318110228
333723731
568686104
360956882
377746308
630453064
632419144
361009687
344375827
361108103
361120403
361153043
363106839
377770687
377786999
394564119
394713202
396628631
396661271
630463043
897880599
632584259
914641559
914641567
914657875
914657879
931435031
931435091
931435095
381842309
381874567
398619011
398645362
1367547842
1367564162
1102198360
1116816376
1116820216
1116820456
1116820472
1132547986
1132551826
1132552066
1132552082
1132552114
1132566098
1132566338
1132566354
1132566386
1384244116
1384247956
1384248196
1384248212
1401001554
1116943750
1116977028
1384363908
1386345108
1134711687
1134711695
1635997570
1635999618
1904416706
1904418754
1669405476
1921070388
1921070500
1921070516
1921071396
1921071460
1921072420
1921071588
1921072548
1117246072
1132974712
1403294231
1921338674
1105359299
1105392067
1105393027
1434588068
1168273859
1168306627
1169355082
1169355202
1419932035
1419932099
1419964867
1954701621
1954701629
1954701749
1954701757
1971458669
1418117651
1436816023
1988383409
1424126339
566843506
361447922
361449842
361480562
1099645306
1099646266
1368114482
1119404823
1119405843
1387807383
1387840023
1636516218
1636548978
1656275735
1099776314
1099809074
1642612499
1642612507
1642611603
1642614547
1642614555
405967687
406170452
406201165
406198855
406203205
406239108
438640518
439662468
455369601
455369605
455369613
455402373
940907252
940914932
674525725
674510931
674510935
674511891
674527765
674510943
674527773
674558493
674560533
691337748
941939223
941946903
941947413
941995330
958689921
708066323
423883202
423885122
409113415
410161991
440662338
457437634
676407796
676411636
676411876
676411892
676434548
676434788
676434804
692137816
692141656
692141896
692141912
943843666
943847506
943847746
943847762
943847794
944870244
676533220
676535140
676538740
676575048
692303688
944968676
694234968
945927700
945961295
725701416
725701480
725701608
725734248
977367336
407312438
410433412
442775635
442792019
442824727
443856772
692394038
676837192
692565832
678706195
712260627
473045575
473045831
473045583
473045839
739453300
739453428
756292163
741636629
741669397
758444572
758446612
1009023509
1009056277
773093909
773126197
773126677
475150388
507671429
507769282
507771202
524546498
1479709511
2015651091
2015651099
2015653139
2015653147
2016679499
1482832199
1482832207
1482855239
1483903815
2017548082
2017550130
2017666484
1295151749
1309897064
672868124
672900404
672900884
941336340
406661012
406662932
406693652
672998716
672999196
941466932
673130268
673162548
673163028
677062068
677063028
677063988
944448948
944450868
407705654
407706674
739977588
759734647
777527673
777527733
1243166596
1746642708
1847075189
1847075193
1847075197
1847075253
1847075317
1847075325
414324674
414356295
414357059
414357314
414357315
414586443
414587463
414588483
951326283
951328323
417470403
417502023
418518978
418550599
418551363
418551618
418551619
451164243
451213335
481434183
481434439
495196709
495196724
495227415
495227444
495227445
497324567
512004727
528781847
528781877
1032098327
1048875603
1048875633
1048875607
1065652823
516092295
1488098119
1488099138
1491243847
1492292423
2450871204
2450873252
2450986916
2450995076
2451002276
2450988964
2450997124
2452897668
2437102674
2437102802
2454927236
2454929284
2456895364
2705538888
2455191428
2470926578
2456041553
2456041555
2457091972
2705659958
2705801032
2786359327
2803110521
2803132447
2803136543
2520929153
2537707762
3241304463
3241308559
3256046328
3256308472
3244454287
3245498767
3245502863
2451195674
2453153564
2453160599
2453160839
2182890007
2182890015
2182890135
2182892055
2182900020
2182965556
2451318068
2451325463
2451325471
2451318196
2451325831
2451320116
2988196383
2988191028
2169119047
2169119055
2169119175
2169136530
2169121095
2169202066
2437554503
2437563698
2437554511
2437563826
2437556311
2437565746
2439520583
2439520599
2439520591
2439520607
2439520711
2439520727
2439522391
2457354903
2457355143
2706072978
2974434738
2974436658
2518172183
2518172439
2518172191
2518172447
2518172551
2518174231
2518174487
2520269343
2786607895
2786607903
2786609943
3055043351
3055043103
3055043359
3055045143
3055045399
2504540474
2506629467
3041419577
2790793593
3524937498
3526895388
3526911768
3526902423
3526902663
3511166235
3511166264
3511166265
3511181609
3511181624
3513263387
3544720667
4048037147
4048037177
3813156243
3813156273
3860341593
2709733754
2709734264
2709723074
2710718354
2978158530
2190742132
2190742133
2190742140
2190742141
2190759450
2190742260
2190742261
2190744180
2190744181
2459194906
2461292058
2709995898
2709996408
2727613045
2727613173
2996061723
2996063763
2176991602
2176991610
2176991730
2176993650
2176997955
2176998211
2177057138
2177057146
2177057266
2445427058
2445427186
2445493682
2179095363
2713851715
2713851723
2713853763
2982287171
2982298098
2982288963
2982289219
2508341618
2508341746
2508343666
2508407282
2776842738
3045212658
3045214578
2508462134
2510557847
2542017077
2794721973
3246605176
3247589176
3783475578
3783476088
3783464898
3783481218
3784460178
3801354869
3801354873
3801354933
3801354997
3252837187
3787593539
3787593547
3787595587
3787595595
4056031043
2461549447
2710258552
2175616914
2443986834
2459714439
2710389114
2710389624
3247128954
3247129464
3247129914
3248113464
2553419654
2819827544
2553554708
2553554836
2553556756
2553622292
2316576532
2316576540
2316579525
2316579541
2316576660
2316578580
2316642068
2316642076
2316644116
2585011988
2585014036
2585079092
2819958616
2836669816
2820089688
2836800888
3088461078
2853450453
3121884468
2302809922
2302809923
2302816620
2302809930
2302809931
2302810050
2302810051
2302811970
2302811971
2571252076
2304907075
2304907203
2304909123
2557613958
2557614019
2589070983
2839680835
2839682883
3092389458
3108118083
2920559253
2920559317
3627161478
3893569368
3927183989
3927183993
3927183997
3927184053
3927184117
3927184125
4195619573
3913422659
3913424707
2820351772
2820351832
2820482364
2820482844
2820482904
2837194104
2571774039
2350590324
2618960244
3357222684
3357222744
2561808262
2561808322
2564954051
